name,specified,radius,eccentricity,flattening,metre_factor,prime_merid,merid_value
ACCRA ,1,20926201.0 ,0.0821300390617785,296.0 ,0.30479947154 ,1 ,0.0  
ADINDAN ,1,6378249.145 ,0.0824834000441851,293.465 ,1.0 ,1 ,0.0  
AGD66 ,1,6378160.0 ,0.0818201799960599,298.25 ,1.0 ,1 ,0.0  
AGD84 ,1,6378160.0 ,0.0818201799960599,298.25 ,1.0 ,1 ,0.0  
AINABD70,1,6378388.0 ,0.0819918899790298,297.0 ,1.0 ,1 ,0.0  
ARATU ,1,6378388.0 ,0.0819918899790298,297.0 ,1.0 ,1 ,0.0  
ARC1950 ,1,6378249.145 ,0.0824832165826249,293.4663077 ,1.0 ,1 ,0.0  
ARC1960 ,1,6378249.145 ,0.0824834000441851,293.465 ,1.0 ,1 ,0.0  
BAHRAIN ,1,6378388.0 ,0.0819918899790298,297.0 ,1.0 ,1 ,0.0  
BATAVIA ,1,6377397.155 ,0.0816968312225275,299.1528128 ,1.0 ,1 ,0.0  
BEDUARAM,1,6378249.2 ,0.0824832567625238,293.4660213 ,1.0 ,1 ,0.0  
BEIJING ,1,6378245.0 ,0.0818133340169312,298.3 ,1.0 ,1 ,0.0  
BELG50 ,1,6378388.0 ,0.0819918899790298,297.0 ,1.0 ,1 ,0.0  
BERNNEW ,1,6377397.155 ,0.0816968312225275,299.1528128 ,1.0 ,1 ,0.0  
BOGOTA ,1,6378388.0 ,0.0819918899790298,297.0 ,1.0 ,1 ,0.0  
CAMACUPA,1,6378249.145 ,0.0824834000441851,293.465 ,1.0 ,1 ,0.0  
CAPE ,1,6378249.145 ,0.0824834000441851,293.465 ,1.0 ,1 ,0.0  
CARTHAGE,1,6378249.2 ,0.0824832567625238,293.4660213 ,1.0 ,1 ,0.0  
CHUA ,1,6378388.0 ,0.0819918899790298,297.0 ,1.0 ,1 ,0.0  
CMPOINCH,1,6378388.0 ,0.0819918899790298,297.0 ,1.0 ,1 ,0.0  
CLRK1866,1,6378206.4 ,0.0822718542249391,294.9786982 ,1.0 ,1 ,0.0  
CORRALEG,1,6378388.0 ,0.0819918899790298,297.0 ,1.0 ,1 ,0.0  
DEIR ,1,6378249.2 ,0.0824832567625238,293.4660213 ,1.0 ,1 ,0.0  
ED50 ,1,6378388.0 ,0.0819918899790298,297.0 ,1.0 ,1 ,0.0  
ED50EGYT,1,6378388.0 ,0.0819918899790298,297.0 ,1.0 ,1 ,0.0  
ED50SVAL,1,6378388.0 ,0.0819918899790298,297.0 ,1.0 ,1 ,0.0  
EDMCE75 ,1,6378388.0 ,0.0819918899790298,297.0 ,1.0 ,1 ,0.0  
EGYPT07 ,1,6378200.0 ,0.0818133340169312,298.3 ,1.0 ,1 ,0.0  
EGYPT24 ,1,6378388.0 ,0.0819918899790298,297.0 ,1.0 ,1 ,0.0  
EVVIETNM,1,6377276.345 ,0.0814729809826527,300.8017 ,1.0 ,1 ,0.0  
FAHUD ,1,6378249.145 ,0.0824834000441851,293.465 ,1.0 ,1 ,0.0  
GDA94 ,1,6378137.0 ,0.0818191910429526,298.257222101 ,1.0 ,1 ,0.0  
GEM6 ,1,6378144.0 ,0.081819221,298.257,1.0 ,1 ,0.0  
IND74 ,1,6378160.0 ,0.08182059080946 ,298.247 ,1.0 ,1 ,0.0  
INDIAN54,1,6377276.345 ,0.0814729809826527,300.8017 ,1.0 ,1 ,0.0  
INDIAN60,1,6377276.345 ,0.0814729809826527,300.8017 ,1.0, 1, 0.0
INDIAN75,1,6377276.345 ,0.0814729809826527,300.8017 ,1.0 ,1 ,0.0  
ISRLURIM,1,6378300.79 ,0.0824832078984994,293.4663696 ,1.0 ,1 ,0.0  
JA1875 ,1,20926202.0 ,0.082483216582625 ,293.4663077 ,0.304797265 ,1 ,0.0  
JAD69 ,1,6378206.4 ,0.0822718542249391,294.9786982 ,1.0 ,1 ,0.0  
KALIANPR,1,6377301.243 ,0.0814729775350297,300.8017255 ,1.0 ,1 ,0.0  
KARBALA ,1,6378249.145 ,0.0824834000441851,293.465 ,1.0 ,1 ,0.0  
KERTAU ,1,6377304.063 ,0.0814729809826526,300.8017 ,1.0 ,1 ,0.0  
KKJ,1,6378388.0 ,0.0819918899790298,297.0,1.0,1,0.0
KOC ,1,6378249.145 ,0.0824834000441851,293.465 ,1.0 ,1 ,0.0  
LACANOA ,1,6378388.0 ,0.0819918899790298,297.0 ,1.0 ,1 ,0.0  
LEIGON ,1,6378249.145 ,0.0824834000441851,293.465 ,1.0 ,1 ,0.0  
LISBOA ,1,6378388.0 ,0.0819918899790298,297.0 ,1.0 ,3,-9.1318906  
LISBON ,1,6378388.0 ,0.0819918899790298,297.0 ,1.0 ,1 ,0.0  
LUZON11 ,1,6378206.4 ,0.0822718542249391,294.9786982 ,1.0 ,1 ,0.0  
MAHE71 ,1,6378249.145 ,0.0824834000441851,293.465 ,1.0 ,1 ,0.0  
MAKASSAR,1,6377397.155 ,0.0816968312225275,299.1528128 ,1.0 ,1 ,0.0  
MALONG79,1,6378388.0 ,0.0819918899790298,297.0 ,1.0 ,1 ,0.0  
MALONG90,1,6378388.0 ,0.0819918899790298,297.0 ,1.0 ,1 ,0.0  
MANOKA ,1,6378249.145 ,0.0824834000441851,293.465 ,1.0 ,1 ,0.0  
MINAA ,1,6378249.145 ,0.0824834000441851,293.465 ,1.0 ,1 ,0.0  
MONTEMAR,1,6378388.0 ,0.0819918899790298,297.0 ,1.0 ,1 ,0.0  
MONTROME,1,6378388.0 ,0.0819918899790298,297.0 ,1.0 ,4,12.4523333  
MPORO ,1,6378249.2 ,0.0824832567625238,293.4660213 ,1.0 ,1 ,0.0  
NAD27 ,1,6378206.4 ,0.0822718542249391,294.9786982 ,1.0 ,1 ,0.0  
NAD27AFT,1,20925832.16 ,0.0822718542249391,294.9786982 ,0.30480060966 ,1 ,0.0  
NAD27MOD,1,20926631.53 ,0.0822718542249391,294.9786982 ,0.304788967 ,1 ,0.0  
NAD27MTR,1,6378206.4 ,0.0822718542249391,294.9786982 ,1.0 ,1 ,0.0  
NAD83 ,1,6378137.0 ,0.0818191910429526,298.2572221 ,1.0 ,1 ,0.0  
NAHRWAN ,1,6378249.145 ,0.0824834000441851,293.465 ,1.0 ,1 ,0.0  
NTF ,1,6378249.2 ,0.0824832567625238,293.4660213 ,1.0 ,1 ,0.0  
NTFPARG ,1,6378249.2 ,0.0824832567625238,293.4660213 ,1.0 ,5,2.5968981  
NTFPARIS,1,6378249.2 ,0.0824832567625238,293.4660213 ,1.0 ,5,2.5968981  
NWL9D ,1,6378145.0 ,0.0818201799960598,298.25 ,1.0 ,1 ,0.0  
NZGD49 ,1,6378388.0 ,0.0819918899790298,297.0 ,1.0 ,1 ,0.0  
OSGB36 ,1,6377563.396 ,0.0816733738741419,299.3249646 ,1.0 ,1 ,0.0  
OSGB70 ,1,6377563.396 ,0.0816733738741419,299.3249646 ,1.0 ,1 ,0.0  
OSSN80 ,1,6377563.396 ,0.0816733738741419,299.3249646 ,1.0 ,1 ,0.0  
PADANG ,1,6377397.155 ,0.0816968312225275,299.1528128 ,1.0 ,1 ,0.0  
PALEST23,1,6378300.79 ,0.0824832078984994,293.4663696 ,1.0 ,1 ,0.0  
POTSDAM ,1,6377397.155 ,0.0816968312225275,299.1528128 ,1.0 ,1 ,0.0  
PRS92 ,1,6378206.4 ,0.0822718542249391,294.9786982 ,1.0 ,1 ,0.0  
PSAD56 ,1,6378388.0 ,0.0819918899790298,297.0 ,1.0 ,1 ,0.0  
PTNOIRE ,1,6378249.2 ,0.0824832567625238,293.4660213 ,1.0 ,1 ,0.0  
PULKOVO ,1,6378245.0 ,0.0818133340169312,298.3 ,1.0 ,1 ,0.0  
QATAR ,1,6378388.0 ,0.0819918899790298,297.0 ,1.0 ,1 ,0.0  
QATAR51 ,1,6378200.0 ,0.0818133340169312,298.3 ,1.0 ,1 ,0.0  
QORNOQ ,1,6378388.0 ,0.0819918899790298,297.0 ,1.0 ,1 ,0.0  
RD ,1,6377397.155 ,0.0816968312225275,299.1528128 ,1.0 ,1 ,0.0  
SAD69 ,1,6378160.0 ,0.0818201799960599,298.25 ,1.0 ,1 ,0.0  
SPHERE ,0,6371000.0 ,0.0 ,1.0 ,1.0 ,1 ,0.0  
SPHERE2 ,0,6370997.0 ,0.0 ,1.0 ,1.0 ,1 ,0.0  
SUDAN ,1,6378249.2 ,0.0824832567625238,293.4660213 ,1.0 ,1 ,0.0  
TANANAR ,1,6378388.0 ,0.0819918899790298,297.0 ,1.0 ,1 ,0.0  
TANANPAR,1,6378388.0 ,0.0819918899790298,297.0 ,1.0 ,6,2.3372083  
TIMBALAI,1,6377298.556 ,0.0814729809826527,300.8017 ,1.0 ,1 ,0.0  
TIMBALFT,1,20922931.8 ,0.0814729809826527,300.8017 ,0.304799472 ,1 ,0.0  
TM65 ,1,6377340.189 ,0.0816733738741419,299.3249646 ,1.0 ,1 ,0.0  
TM75 ,1,6377340.189 ,0.0816733738741419,299.3249646 ,1.0 ,1 ,0.0  
TOKYO ,1,6377397.155 ,0.0816968312225275,299.1528128 ,1.0 ,1 ,0.0  
TRUCIAL ,1,6378200.0 ,0.0818133340169312,298.3 ,1.0 ,1 ,0.0  
USAIRMOD,0,6377340.189 ,0.0816733738741419,299.3249646 ,1.0 ,1 ,0.0  
USAIRY ,0,6377563.396 ,0.0816733738741419,299.3249646 ,1.0 ,1 ,0.0  
USANS ,0,6378160.0 ,0.0818201799960599,298.25 ,1.0 ,1 ,0.0  
USBESMOD,0,6377492.018 ,0.0816968312225277,299.1528128 ,1.0 ,1 ,0.0  
USBESS ,0,6377397.155 ,0.0816968312225275,299.1528128 ,1.0 ,1 ,0.0  
USC58MTR,0,6378293.645 ,0.0823719976935091,294.2606764 ,1.0 ,1 ,0.0  
USC66AFT,0,20925832.16 ,0.0822718542249391,294.9786982 ,0.30480060966 ,1 ,0.0  
USC66MTR,0,6378206.4 ,0.0822718542249391,294.9786982 ,1.0 ,1 ,0.0  
USC80IGN,0,6378249.2 ,0.0824832567625238,293.4660213 ,1.0 ,1 ,0.0  
USC80MOD,0,6378249.145 ,0.0824834000441851,293.465 ,1.0 ,1 ,0.0  
USC80RSA,0,6378249.145 ,0.0824832165826249,293.4663077 ,1.0 ,1 ,0.0  
USEV37AD,0,6377276.345 ,0.0814729809826527,300.8017 ,1.0 ,1 ,0.0  
USEV67 ,0,6377298.556 ,0.0814729809826527,300.8017 ,1.0 ,1 ,0.0  
USGRS67 ,0,6378160.0 ,0.0818205678859093,298.2471674 ,1.0 ,1 ,0.0  
USGRS80 ,0,6378137.0 ,0.0818191910429526,298.2572221 ,1.0 ,1 ,0.0  
USHAYF10,0,6378388.0 ,0.0819975042121698,296.9592625 ,1.0 ,1 ,0.0  
USHELM ,0,6378200.0 ,0.0818133340169312,298.3 ,1.0 ,1 ,0.0  
USINT24 ,0,6378388.0 ,0.0819918899790298,297.0 ,1.0 ,1 ,0.0  
USINT67 ,0,6378160.0 ,0.0818201799960599,298.25 ,1.0 ,1 ,0.0  
USKRAS40,0,6378245.0 ,0.0818133340169312,298.3 ,1.0 ,1 ,0.0  
USNWL10D,0,6378135.0 ,0.0818188106627489,298.26 ,1.0 ,1 ,0.0  
USNWL9D ,0,6378145.0 ,0.0818201799960598,298.25 ,1.0 ,1 ,0.0  
USSPHERE,0,6371000.0 ,0.0 ,1.0 ,1.0 ,1 ,0.0  
WGS72BE ,1,6378135.0 ,0.0818188106627489,298.26 ,1.0 ,1 ,0.0  
WGS72DOD,1,6378135.0 ,0.0818188106627489,298.26 ,1.0 ,1 ,0.0  
WGS84 ,1,6378137.0 ,0.0818191908375549,298.2572236 ,1.0 ,1 ,0.0  
XIAN80 ,1,6378137.0 ,0.0818191910429526,298.2572221 ,1.0 ,1 ,0.0  
YEMHSL ,1,6378388.0 ,0.0819918899790298,297.0 ,1.0 ,1 ,0.0  
YOFF2000,1,6378249.2 ,0.0824832567625238,293.4660213 ,1.0 ,1 ,0.0  
VENUS,0,6051920.0 ,0.0, 1.0, 1.0, 8,0.0
