proj_name,type,metre_factor,radius,eccentricity,flattening,prime_merid
AEAFRICA,azimuted,1.0 ,6378249.145 ,0.0824834000441851,293.465 ,1  
AERUSS ,azimuted,1.0 ,6378245.0 ,0.0818133340169312,298.3 ,1  
ALALASK2,albersea,1.0 ,6378206.4 ,0.0822718542249391,294.9786982 ,1  
ALALASK3,albersea,1.0 ,6378206.4 ,0.0822718542249391,294.9786982 ,1  
ALALASKA,albersea,1.0 ,6378206.4 ,0.0822718542249391,294.9786982 ,1  
ALAUS ,albersea,1.0 ,6378388.0 ,0.0819918899790298,297.0 ,1  
ALBERING,albersea,1.0 ,6378245.0 ,0.0818133340169312,298.3 ,1  
ALCAM ,albersea,1.0 ,6378388.0 ,0.0819918899790298,297.0 ,1  
ALCANADA,albersea,1.0 ,6378206.4 ,0.0822718542249391,294.9786982 ,1  
ALCHI ,albersea,1.0 ,6378245.0 ,0.0818133340169312,298.3 ,1  
ALCOLOMB,albersea,1.0 ,6378388.0 ,0.0819918899790298,297.0 ,1  
ALDLGAL ,albersea, 1.0, 6378206.4 ,0.0822718542249391,294.9786982 ,1
ALDLGHAW ,albersea, 1.0, 6378206.4 ,0.0822718542249391,294.9786982 ,1
ALDLGUSA ,albersea, 1.0, 6378206.4 ,0.0822718542249391,294.9786982 ,1
ALEUR ,albersea,1.0 ,6378388.0 ,0.0819918899790298,297.0 ,1  
ALEURO ,albersea,1.0 ,6378388.0 ,0.0819918899790298,297.0 ,1  
ALFAR ,albersea,1.0 ,6377276.345 ,0.0814729809826527,300.8017 ,1  
ALGMEXIC,albersea,1.0 ,6378206.4 ,0.0822718542249391,294.9786982 ,1  
ALGULFFT,albersea,0.3048006096 ,20925832.16 ,0.0822718542249391,294.9786982 ,1  
ALGULFMT,albersea,1.0 ,6378206.4 ,0.0822718542249391,294.9786982 ,1  
ALMALIN ,albersea,1.0 ,6377397.155 ,0.0816968312225275,299.1528128 ,1  
ALMEA2 ,albersea,1.0 ,6378249.145 ,0.0824834000441851,293.465 ,1  
ALMENA ,albersea,1.0 ,6378249.145 ,0.0824834000441851,293.465 ,1  
ALNSEA ,albersea,1.0 ,6378388.0 ,0.0819918899790298,297.0 ,1  
ALRUSS ,albersea,1.0 ,6378245.0 ,0.0818133340169312,298.3 ,1  
ALSAF ,albersea,1.0 ,6378249.145 ,0.0824834000441851,293.465 ,1  
ALSAM ,albersea,1.0 ,6378388.0 ,0.0819918899790298,297.0 ,1  
ALVENEZ ,albersea,1.0 ,6378388.0 ,0.0819918899790298,297.0 ,1  
ALWAUST ,albersea,1.0 ,6378388.0 ,0.0819918899790298,297.0 ,1   
BCNAMER ,bioconco,1.0 ,6378206.4 ,0.0822718542249391,294.9786982 ,1  
BCSAMER ,bioconco,1.0 ,6371221.0 ,0.0 ,1.0 ,1  
BCSPHERE,bioconco,1.0 ,6371000.0 ,0.0 ,1.0 ,1  
BORNEOMT,borneo ,1.0 ,6377298.556 ,0.0814729809826527,300.8017 ,1  
CAISRAEL,cassini ,1.0 ,6378300.79 ,0.0824832078984994,293.4663696 ,1  
CAISRMOD,cassini ,1.0 ,6378300.79 ,0.0824832078984994,293.4663696 ,1  
CAPAL ,cassini ,1.0 ,6378300.79 ,0.0824832078984994,293.4663696 ,1  
CAQATAR ,cassini ,1.0 ,6378200.0 ,0.0818133340169312,298.3 ,1  
CAQATMOD,cassini ,1.0 ,6378200.0 ,0.0818133340169312,298.3 ,1  
CASNGPOR,cassini ,1.0 ,6377304.063 ,0.0814729809826526,300.8017 ,1  
CATOBAGO,cassini ,0.201166195 ,31706587.88 ,0.0823719976935089,294.2606764 ,1  
CATRINID,cassini ,0.201166195 ,31706587.88 ,0.0823719976935089,294.2606764 ,1  
CAVANUA ,cassini ,0.201166195 ,31706366.667 ,0.0824832165826249,293.4663077 ,1  
CAVITI ,cassini ,0.201166195 ,31706366.667 ,0.0824832165826249,293.4663077 ,1  
CE42BUL ,coniced ,1.0 ,6377397.155 ,0.0816968312225275,299.1528128 ,1  
CEAUST ,coniced ,1.0 ,6378245.0 ,0.0818133340169312,298.3 ,1
CEBLACK ,coniced ,1.0 ,6378245.0 ,0.0818133340169312,298.3 ,1  
CECARP1 ,coniced ,1.0 ,6378245.0 ,0.0818133340169312,298.3 ,1  
CECASP ,coniced ,1.0 ,6378245.0 ,0.0818133340169312,298.3 ,1  
CECASPAN,coniced ,1.0 ,6378245.0 ,0.0818133340169312,298.3 ,1  
CECISWMC ,coniced , 1.0
CEEUR1 ,coniced ,1.0 ,6378245.0 ,0.0818133340169312,298.3 ,1  
CEEUROPE,coniced ,1.0 ,6378388.0 ,0.0819918899790298,297.0 ,1  
CERUSS ,coniced ,1.0 ,6378245.0 ,0.0818133340169312,298.3 ,1  
CERUSS1 ,coniced ,1.0 ,6378245.0 ,0.0818133340169312,298.3 ,1  
CERUSS2 ,coniced ,1.0 ,6378245.0 ,0.0818133340169312,298.3 ,1  
CEYUGO ,coniced ,1.0 ,6377397.155 ,0.0816968312225275,299.1528128 ,1  
DUTCHNEW,dutch ,1.0 ,6377397.155 ,0.0816968312225275,299.1528128 ,1  
DUTCHOLD,dutch ,1.0 ,6377397.155 ,0.0816968312225275,299.1528128 ,1  
LABORDE ,labordom,1.0 ,6378388.0 ,0.0819918899790298,297.0 ,1  
LAMCAN, lamcon2, 1.0, 6378206.4, 0.0822718542249391, 294.9786982, 1
LAMSAFRI,lamcon2,1.0,,,, 1
LE00N16E,lambazea,1.0 ,6378249.145 ,0.0824834000441851,293.465 ,1  
LE13S127,lambazea,1.0 ,6378160.0 ,0.0818201799960599,298.25 ,1  
LE20S60W,lambazea,1.0 ,6378388.0 ,0.0819918899790298,297.0 ,1  
LE35S135,lambazea,1.0 ,6378388.0 ,0.0819918899790298,297.0 ,1  
LEAFRICA,lambazea,1.0 ,6378249.145 ,0.0824834000441851,293.465 ,1  
LEAMERIC,lambazea,1.0 ,6378388.0 ,0.0819918899790298,297.0 ,1  
LEFRAN ,lambazea,1.0 ,6378388.0 ,0.0819918899790298,297.0 ,1  
LEGLOBE ,lambazea,1.0 ,6400000.0 ,0.0 ,1.0 ,1  
LELUSAK0,lambazea,1.0 ,6378388.0 ,0.0819918899790298,297.0 ,1  
LELUSAKA,lambazea,1.0 ,6378388.0 ,0.0819918899790298,297.0 ,1  
LEMONG ,lambazea,1.0 ,6378388.0 ,0.0819918899790298,297.0 ,1  
LENAFRIC,lambazea,1.0 ,6378249.145 ,0.0824834000441851,293.465 ,1  
LENSEA ,lambazea,1.0 ,6378388.0 ,0.0819918899790298,297.0 ,1  
LESAMER ,lambazea,1.0 ,6400000.0 ,0.0 ,1.0 ,1  
LESUR554,lambazea,1.0 ,6371000.0 ,0.0 ,1.0 ,1  
LEUSA0,lambazea,1.0 ,6370997.0 ,0.0 ,9999999999.0,1  
LEWEURO ,lambazea,1.0 ,6378388.0 ,0.0819918899790298,297.0 ,1  
L2ANT1, lambert2, 1.0 ,6378206.4 ,0.0822718542249391,294.9786982 ,1
L2WA_WGS84, lamcon2, 1.0 ,6378137 ,0.0818191908375549,298.2572236,1
L2ANTDRI, lamcon2, 1.0, 6378206.4, 0.0822718542249391,294.9786982 ,1
L2NSW1 ,lamcon2, 1.0, 6378160.0 ,0.0818201799960599,298.25, 1
L2NSW2 ,lamcon2, 1.0, 6378160.0 ,0.0818201799960599,298.25, 1
LM1ADEN ,lambert1,1.0 ,6378249.145 ,0.0824834000441851,293.465 ,1  
LM1AFNDX,lambert1,1.0 ,6378249.145 ,0.0824834000441851,293.465 ,1  
LM1ALGND,lambert1,1.0 ,6378249.2 ,0.0824832567625238,293.4660213 ,1  
LM1ALGSD,lambert1,1.0 ,6378249.2 ,0.0824832567625238,293.4660213 ,1  
LM1BANG ,lambert1,1.0 ,6377276.345 ,0.0814729809826527,300.8017 ,1  
LM1BLSEA,lambert1,1.0 ,6378245.0 ,0.0818133340169312,298.3 ,1  
LM1BURMA,lambert1,1.0 ,6377276.345 ,0.0814729809826527,300.8017 ,1  
LM1CARIB,lambert1,1.0 ,6378206.4 ,0.0822718542249391,294.9786982 ,1  
LM1CAUC ,lambert1,1.0 ,6378249.145 ,0.0824834000441851,293.465 ,1  
LM1COLC ,lambert1,1.0 ,6378160.0 ,0.0818201799960599,298.25 ,1  
LM1CORSE,lambert1,1.0 ,6378249.2 ,0.0824832567625238,293.4660213 ,5 
LM1FRA1D,lambert1,1.0 ,6378249.2 ,0.0824832567625238,293.4660213 ,1  
LM1FRA1G,lambert1,1.0 ,6378249.2 ,0.0824832567625238,293.4660213 ,5 
LM1FRA2D,lambert1,1.0 ,6378249.2 ,0.0824832567625238,293.4660213 ,1  
LM1FRA2G,lambert1,1.0 ,6378249.2 ,0.0824832567625238,293.4660213 ,5 
LM1FRA3D,lambert1,1.0 ,6378249.2 ,0.0824832567625238,293.4660213 ,1  
LM1FRA3G,lambert1,1.0 ,6378249.2 ,0.0824832567625238,293.4660213 ,5 
LM1FRA4D,lambert1,1.0 ,6378249.2 ,0.0824832567625238,293.4660213 ,1  
LM1FRA4G,lambert1,1.0 ,6378249.2 ,0.0824832567625238,293.4660213 ,5 
LM1FRAND,lambert1,1.0 ,6376523.3 ,0.0804334739887246,308.64 ,1  
LM1FRE1D,lambert1,1.0 ,6378249.2 ,0.0824832567625238,293.4660213 ,1  
LM1FRE1G,lambert1,1.0 ,6378249.2 ,0.0824832567625238,293.4660213 ,5 
LM1FRE2D,lambert1,1.0 ,6378249.2 ,0.0824832567625238,293.4660213 ,1  
LM1FRE2G,lambert1,1.0 ,6378249.2 ,0.0824832567625238,293.4660213 ,5 
LM1FRE3D,lambert1,1.0 ,6378249.2 ,0.0824832567625238,293.4660213 ,1  
LM1FRE3G,lambert1,1.0 ,6378249.2 ,0.0824832567625238,293.4660213 ,5 
LM1FRE4D,lambert1,1.0 ,6378249.2 ,0.0824832567625238,293.4660213 ,1  
LM1FRE4G,lambert1,1.0 ,6378249.2 ,0.0824832567625238,293.4660213 ,5 
LM1GREN1,lambert1,1.0 ,6378388.0 ,0.0819918899790298,297.0 ,1  
LM1GRNOR,lambert1,1.0 ,6378388.0 ,0.0819918899790298,297.0 ,1  
LM1GRSUD,lambert1,1.0 ,6378388.0 ,0.0819918899790298,297.0 ,1  
LM1IND1 ,lambert1,1.0 ,6377301.243 ,0.0814729775350297,300.8017255 ,1  
LM1IND4A,lambert1,1.0 ,6377301.243 ,0.0814729775350297,300.8017255 ,1  
LM1IRAN ,lambert1,1.0 ,6378249.145 ,0.0824834000441851,293.465 ,1  
LM1IRAQ ,lambert1,1.0 ,6378249.145 ,0.0824834000441851,293.465 ,1  
LM1JAFT ,lambert1,0.304799472 ,20926202.0 ,0.082483216582625 ,293.4663077 ,1  
LM1JAMTR,lambert1,1.0 ,6378206.4 ,0.0822718542249391,294.9786982 ,1  
LM1KANG ,lambert1,1.0 ,6377397.155 ,0.0816968312225275,299.1528128 ,1  
LM1LEVD ,lambert1,1.0 ,6378249.2 ,0.0824832567625238,293.4660213 ,1  
LM1LEVG ,lambert1,1.0 ,6378249.2 ,0.0824832567625238,293.4660213 ,1  
LM1LIBS ,lambert1,1.0 ,6378249.145 ,0.0824834000441851,293.465 ,1  
LM1LIBYA,lambert1,1.0 ,6378249.145 ,0.0824834000441851,293.465 ,1  
LM1MORND,lambert1,1.0 ,6378249.2 ,0.0824832567625238,293.4660213 ,1  
LM1MORSD,lambert1,1.0 ,6378249.2 ,0.0824832567625238,293.4660213 ,1  
LM1NEP1 ,lambert1,0.9143988 ,6974283.37 ,0.0814729809826527,300.8017 ,1  
LM1NEP2A,lambert1,0.9143988 ,6974283.37 ,0.0814729809826527,300.8017 ,1  
LM1NEP2B,lambert1,0.9143988 ,6974283.37 ,0.0814729809826527,300.8017 ,1  
LM1NPG ,lambert1,1.0 ,6377397.155 ,0.0816968312225275,299.1528128 ,1  
LM1PA2B ,lambert1,1.0 ,6377301.243 ,0.0814729775350297,300.8017255 ,1  
LM1PA2BY,lambert1,0.9143988 ,6974310.6 ,0.0814729775350297,300.8017255 ,1  
LM1PAK1 ,lambert1,1.0 ,6377301.243 ,0.0814729775350297,300.8017255 ,1  
LM1PAK1Y,lambert1,0.9143988 ,6974310.6 ,0.0814729775350297,300.8017255 ,1  
LM1PAK2 ,lambert1,1.0 ,6377301.243 ,0.0814729775350297,300.8017255 ,1  
LM1PAK2Y,lambert1,0.9143988 ,6974310.6 ,0.0814729775350297,300.8017255 ,1  
LM1PB1D ,lambert1,1.0 ,6378249.2 ,0.0824832567625238,293.4660213 ,1  
LM1PB1G ,lambert1,1.0 ,6378249.2 ,0.0824832567625238,293.4660213 ,5 
LM1POL ,lambert1,1.0 ,6378388.0 ,0.0819918899790298,297.0 ,1  
LM1ROM ,lambert1,1.0 ,6378245.0 ,0.0818133340169312,298.3 ,1  
LM1SHAB ,lambert1,1.0 ,6378249.145 ,0.0824834000441851,293.465 ,1  
LM1SPAIN,lambert1,1.0 ,6378297.336 ,0.0823064991407691,294.73 ,1  
LM1SPANM,lambert1,1.0 ,6378297.336 ,0.0823064991407691,294.73 ,7 
LM1SYRSD,lambert1,1.0 ,6378249.2 ,0.0824832567625238,293.4660213 ,1  
LM1SYRSG,lambert1,1.0 ,6378249.2 ,0.0824832567625238,293.4660213 ,1  
LM1TUNND,lambert1,1.0 ,6378249.2 ,0.0824832567625238,293.4660213 ,1  
LM1TUNSD,lambert1,1.0 ,6378249.2 ,0.0824832567625238,293.4660213 ,1  
LM1TURK ,lambert1,1.0 ,6378388.0 ,0.0819918899790298,297.0 ,1  
LM1USSR ,lambert1,1.0 ,6378245.0 ,0.0818133340169312,298.3 ,1  
LM2AF113,lambert2,1.0 ,6378249.145 ,0.0824834000441851,293.465 ,1  
LM2AF114,lambert2,1.0 ,6378249.145 ,0.0824834000441851,293.465 ,1  
LM2AF72 ,lambert2,1.0 ,6378249.145 ,0.0824834000441851,293.465 ,1  
LM2AF92 ,lambert2,1.0 ,6378249.145 ,0.0824834000441851,293.465 ,1  
LM2AF93 ,lambert2,1.0 ,6378249.145 ,0.0824834000441851,293.465 ,1  
LM2AF94 ,lambert2,1.0 ,6378249.145 ,0.0824834000441851,293.465 ,1  
LM2AF95 ,lambert2,1.0 ,6378249.145 ,0.0824834000441851,293.465 ,1  
LM2AFE ,lambert2,1.0 ,6377301.243 ,0.0814729775350297,300.8017255 ,1  
LM2AFSH ,lambert2,1.0 ,6378249.145 ,0.0824834000441851,293.465 ,1  
LM2ALG ,lambert2,1.0 ,6378249.2 ,0.0824832567625238,293.4660213 ,1 
L2ALSK10F83 ,lamcon2,0.30480061 ,20925391.87 ,0.0818191910429546,298.2572221 ,1 
LM2ANT1, lambert2, 1.0 ,6378206.4 ,0.0822718542249391,294.9786982 ,1
LM2ARAB ,lambert2,1.0 ,6378249.145 ,0.0824834000441851,293.465 ,1  
LM2ARAB2,lambert2,1.0 ,6378249.145 ,0.0824834000441851,293.465 ,1
LM2AREA1,lambert2,1.0 ,6378245.0 ,0.0818133340169312,298.3 ,1  
LM2AREA2,lambert2,1.0 ,6378245.0 ,0.0818133340169312,298.3 ,1  
LM2AREA3,lambert2,1.0 ,6377397.155 ,0.0816968312225275,299.1528128 ,1  
LM2ARKNF,lambert2,0.30480061 ,20925832.16 ,0.0822718542249391,294.9786982 ,1
L2ARKNF83 ,lamcon2,0.30480061 ,20925391.87 ,0.0818191910429546,298.2572221 ,1   
LM2ARKNM,lambert2,1.0 ,6378137.0 ,0.0818191910429526,298.2572221 ,1  
LM2ARKSF,lambert2,0.30480061 ,20925832.16 ,0.0822718542249391,294.9786982 ,1  
L2ARKSF83 ,lamcon2,0.30480061 ,20925391.87 ,0.0818191910429546,298.2572221 ,1 
LM2ARKSM,lambert2,1.0 ,6378137.0 ,0.0818191910429526,298.2572221 ,1  
LM2ASEAN,lambert2,1.0 ,6378135.0 ,0.0818188106627489,298.26 ,1  
LM2ASIA ,lambert2,1.0 ,6378245.0 ,0.0818133340169312,298.3 ,1  
LM2AUST ,lambert2,1.0 ,6378160.0 ,0.0818201799960599,298.25 ,1  
LM2AZERB,lambert2,1.0 ,6378245.0 ,0.0818133340169312,298.3 ,1  
LM2BAREN,lambert2,1.0 ,6378388.0 ,0.0819918899790298,297.0 ,8 
LM2BELG ,lambert2,1.0 ,6378388.0 ,0.0819918899790298,297.0 ,1  
LM2BKSEA,lambert2,1.0 ,6378388.0 ,0.0819918899790298,297.0 ,1  
LM2BLACK,lambert2,1.0 ,6378388.0 ,0.0819918899790298,297.0 ,1  
LM2BLCKS,lambert2,1.0 ,6378245.0 ,0.0818133340169312,298.3 ,1  
LM2BLKSE,lambert2,1.0 ,6378388.0 ,0.0819918899790298,297.0 ,1  
LM2BNOR ,lambert2,1.0 ,6378388.0 ,0.0819918899790298,297.0 ,8 
LM2BOF ,lambert2,1.0 ,6378388.0 ,0.0819918899790298,297.0 ,1  
LM2BURMA,lambert2,1.0 ,6377276.345 ,0.0814729809826527,300.8017 ,1  
LM2CAL1F,lambert2,0.30480061 ,20925832.16 ,0.0822718542249391,294.9786982 ,1  
L2CAL1F83 ,lamcon2,0.30480061 ,20925391.87 ,0.0818191910429546,298.2572221 ,1 
LM2CAL2F,lambert2,0.30480061 ,20925832.16 ,0.0822718542249391,294.9786982 ,1  
L2CAL2F83 ,lamcon2,0.30480061 ,20925391.87 ,0.0818191910429546,298.2572221 ,1 
LM2CAL3F,lambert2,0.30480061 ,20925832.16 ,0.0822718542249391,294.9786982 ,1  
L2CAL3F83 ,lamcon2,0.30480061 ,20925391.87 ,0.0818191910429546,298.2572221 ,1 
LM2CAL4F,lambert2,0.30480061 ,20925832.16 ,0.0822718542249391,294.9786982 ,1  
L2CAL4F83 ,lamcon2,0.30480061 ,20925391.87 ,0.0818191910429546,298.2572221 ,1 
LM2CAL4M,lambert2,1.0 ,6378137.0 ,0.0818191910429526,298.2572221 ,1  
LM2CAL5F,lambert2,0.30480061 ,20925832.16 ,0.0822718542249391,294.9786982 ,1  
L2CAL5F83 ,lamcon2,0.30480061 ,20925391.87 ,0.0818191910429546,298.2572221 ,1 
LM2CAL5M,lambert2,1.0 ,6378137.0 ,0.0818191910429526,298.2572221 ,1  
LM2CAL6F,lambert2,0.30480061 ,20925832.16 ,0.0822718542249391,294.9786982 ,1  
L2CAL6F83 ,lamcon2,0.30480061 ,20925391.87 ,0.0818191910429546,298.2572221 ,1 
LM2CAL7F,lambert2,0.30480061 ,20925832.16 ,0.0822718542249391,294.9786982 ,1  
LM2CAMER,lambert2,1.0 ,6378135.0 ,0.0818188106627489,298.26 ,1  
LM2CAN ,lambert2,1.0 ,6378206.4 ,0.0822718542249391,294.9786982 ,1  
LM2CAN60,lambert2,1.0 ,6378206.4 ,0.0822718542249391,294.9786982 ,1  
LM2CAN78,lambert2,1.0 ,6378206.4 ,0.0822718542249391,294.9786982 ,1  
LM2CBRAZ,lambert2,1.0 ,6378388.0 ,0.0819918899790298,297.0 ,8 
LM2CEGYP,lambert2,1.0 ,6378200.0 ,0.0818133340169312,298.3 ,8 
LM2CFRAN,lambert2,1.0 ,6378249.145 ,0.0824834000441851,293.465 ,8 
LM2CHBON,lambert2,1.0 ,6378135.0 ,0.0818188106627489,298.26 ,1  
LM2CHECS,lambert2,1.0 ,6378135.0 ,0.0818188106627489,298.26 ,1  
LM2CHEOF,lambert2,1.0 ,6378135.0 ,0.0818188106627489,298.26 ,8 
LM2CHIN ,lambert2,1.0 ,6378245.0 ,0.0818133340169312,298.3 ,8 
LM2CHINA,lambert2,1.0 ,6378135.0 ,0.0818188106627489,298.26 ,1  
LM2CHRUS,lambert2,1.0 ,6378245.0 ,0.0818133340169312,298.3 ,1  
LM2CHYS ,lambert2,1.0 ,6378135.0 ,0.0818188106627489,298.26 ,1  
LM2CM693,lambert2,1.0 ,6378206.4 ,0.0822718542249391,294.9786982 ,1
LM2COLCF,lambert2,0.30480061 ,20925832.16 ,0.0822718542249391,294.9786982 ,1 
L2COLCF83 ,lamcon2,0.30480061 ,20925391.87 ,0.0818191910429546,298.2572221 ,1  
LM2COLNF,lambert2,0.30480061 ,20925832.16 ,0.0822718542249391,294.9786982 ,1  
L2COLNF83 ,lamcon2,0.30480061 ,20925391.87 ,0.0818191910429546,298.2572221 ,1 
LM2COLSF,lambert2,0.30480061 ,20925832.16 ,0.0822718542249391,294.9786982 ,1  
L2COLSF83 ,lamcon2,0.30480061 ,20925391.87 ,0.0818191910429546,298.2572221 ,1 
LM2COLUM,lambert2,1.0 ,6378388.0 ,0.0819918899790298,297.0 ,1  
LM2COMAN,lambert2,1.0 ,6378249.145 ,0.0824834000441851,293.465 ,8 
LM2CONNF,lambert2,0.30480061 ,20925832.16 ,0.0822718542249391,294.9786982 ,1
L2CONNF83 ,lamcon2,0.30480061 ,20925391.87 ,0.0818191910429546,298.2572221 ,1   
LM2CONNM,lambert2,1.0 ,6378137.0 ,0.0818191910429526,298.2572221 ,1  
LM2CSPN ,lambert2,1.0 ,6378388.0 ,0.0819918899790298,297.0 ,8 
LM2EE ,lambert2,1.0 ,6378245.0 ,0.0818133340169312,298.3 ,1  
LM2EGYPT,lambert2,1.0 ,6378200.0 ,0.0818133340169312,298.3 ,8 
LM2EUNDX,lambert2,1.0 ,6378388.0 ,0.0819918899790298,297.0 ,8 
LM2EURO ,lambert2,1.0 ,6378388.0 ,0.0819918899790298,297.0 ,1  
LM2FKLDS,lambert2,1.0 ,6378388.0 ,0.0819918899790298,297.0 ,1  
LM2FLANF,lambert2,0.30480061 ,20925832.16 ,0.0822718542249391,294.9786982 ,1 
L2FLANF83 ,lamcon2,0.30480061 ,20925391.87 ,0.0818191910429546,298.2572221 ,1 
LM2FRANC,lambert2,1.0 ,6378249.2 ,0.0824832567625238,293.4660213 ,8 
LM2GULF ,lambert2,0.30480061 ,20925832.16 ,0.0822718542249391,294.9786982 ,1  
LM2H6 ,lambert2,1.0 ,6378388.0 ,0.0819918899790298,297.0 ,1  
LM2IND76,lambert2,1.0 ,6377301.243 ,0.0814729775350297,300.8017255 ,1  
LM2IND77,lambert2,1.0 ,6377301.243 ,0.0814729775350297,300.8017255 ,1  
LM2IND78,lambert2,1.0 ,6377301.243 ,0.0814729775350297,300.8017255 ,1  
LM2IND96,lambert2,1.0 ,6377301.243 ,0.0814729775350297,300.8017255 ,1  
LM2IND97,lambert2,1.0 ,6377301.243 ,0.0814729775350297,300.8017255 ,1  
LM2IND98,lambert2,1.0 ,6377301.243 ,0.0814729774674291,300.801726 ,1  
LM2INDIA,lambert2,1.0 ,6377301.243 ,0.0814729775350297,300.8017255 ,1  
LM2IOWNF,lambert2,0.30480061 ,20925832.16 ,0.0822718542249391,294.9786982 ,1  
L2IOWNF83 ,lamcon2,0.30480061 ,20925391.87 ,0.0818191910429546,298.2572221 ,1 
LM2IOWSF,lambert2,0.30480061 ,20925832.16 ,0.0822718542249391,294.9786982 ,1  
L2IOWSF83 ,lamcon2,0.30480061 ,20925391.87 ,0.0818191910429546,298.2572221 ,1 
LM2IRAN ,lambert2,1.0 ,6378249.145 ,0.0824834000441851,293.465 ,1  
LM2JEBCO,lambert2,1.0 ,6378245.0 ,0.0818133340169312,298.3 ,1  
LM2JUNGB,lambert2,1.0 ,6378245.0 ,0.0818133340169312,298.3 ,8 
LM2KALIM,lambert2,1.0 ,6377397.155 ,0.0816968312225275,299.1528128 ,8 
LM2KANNF,lambert2,0.30480061 ,20925832.16 ,0.0822718542249391,294.9786982 ,1  
L2KANNF83 ,lamcon2,0.30480061 ,20925391.87 ,0.0818191910429546,298.2572221 ,1
LM2KANNM,lambert2,1.0 ,6378137.0 ,0.0818191910429526,298.2572221 ,1  
L2KANSF83 ,lamcon2,0.30480061 ,20925391.87 ,0.0818191910429546,298.2572221 ,1
LM2KYNFT,lambert2,0.30480061 ,20925832.16 ,0.0822718542249391,294.9786982 ,1  
L2KYNFT83 ,lamcon2,0.30480061 ,20925391.87 ,0.0818191910429546,298.2572221 ,1
LM2KYNM ,lambert2,1.0 ,6378137.0 ,0.0818191910429526,298.2572221 ,1  
LM2KYSFT,lambert2,0.30480061 ,20925832.16 ,0.0822718542249391,294.9786982 ,1  
L2KYSFT83 ,lamcon2,0.30480061 ,20925391.87 ,0.0818191910429546,298.2572221 ,1
LM2LANDS,lambert2,1.0 ,6378388.0 ,0.0819918899790298,297.0 ,8 
LM2LANFT,lambert2,0.30480061 ,20925832.16 ,0.0822718542249391,294.9786982 ,1  
L2LANFT83 ,lamcon2,0.30480061 ,20925391.87 ,0.0818191910429546,298.2572221 ,1
LM2LANM ,lambert2,1.0 ,6378137.0 ,0.0818191910429526,298.2572221 ,1  
LM2LAOFT,lambert2,0.30480061 ,20925832.16 ,0.0822718542249391,294.9786982 ,1  
L2LAOFT83 ,lamcon2,0.30480061 ,20925391.87 ,0.0818191910429546,298.2572221 ,1
LM2LASFT,lambert2,0.30480061 ,20925832.16 ,0.0822718542249391,294.9786982 ,1  
L2LASFT83 ,lamcon2,0.30480061 ,20925391.87 ,0.0818191910429546,298.2572221 ,1
LM2LASM ,lambert2,1.0 ,6378137.0 ,0.0818191910429526,298.2572221 ,1  
LM2MAINE,lambert2,1.0 ,6378206.4 ,0.0822718542249391,294.9786982 ,1  
LM2MARYF,lambert2,0.30480061 ,20925832.16 ,0.0822718542249391,294.9786982 ,8 
L2MARYF83 ,lamcon2,0.30480061 ,20925391.87 ,0.0818191910429546,298.2572221 ,1   
LM2MASIF,lambert2,0.30480061 ,20925832.16 ,0.0822718542249391,294.9786982 ,8
L2MASIF83 ,lamcon2,0.30480061 ,20925391.87 ,0.0818191910429546,298.2572221 ,1 
LM2MASIM,lambert2,1.0 ,6378137.0 ,0.0818191910429526,298.2572221 ,1  
LM2MASMF,lambert2,0.30480061 ,20925832.16 ,0.0822718542249391,294.9786982 ,8 
L2MASMF83 ,lamcon2,0.30480061 ,20925391.87 ,0.0818191910429546,298.2572221 ,1
LM2ME ,lambert2,1.0 ,6378249.145 ,0.0824834000441851,293.465 ,8 
LM2ME1 ,lambert2,1.0 ,6378249.145 ,0.0824834000441851,293.465 ,1  
LM2MEDIT,lambert2,1.0 ,6378388.0 ,0.0819918899790298,297.0 ,1  
LM2MICCF,lambert2,0.30480061 ,20925832.16 ,0.0822718542249391,294.9786982 ,8 
L2MICCF83 ,lamcon2,0.30480061 ,20925391.87 ,0.0818191910429546,298.2572221 ,1
LM2MICNF,lambert2,0.30480061 ,20925832.16 ,0.0822718542249391,294.9786982 ,8 
L2MICNF83 ,lamcon2,0.30480061 ,20925391.87 ,0.0818191910429546,298.2572221 ,1
LM2MICSF,lambert2,0.30480061 ,20925832.16 ,0.0822718542249391,294.9786982 ,8 
L2MICSF83 ,lamcon2,0.30480061 ,20925391.87 ,0.0818191910429546,298.2572221 ,1
LM2MINCF,lambert2,0.30480061 ,20925832.16 ,0.0822718542249391,294.9786982 ,8 
L2MINCF83 ,lamcon2,0.30480061 ,20925391.87 ,0.0818191910429546,298.2572221 ,1
LM2MINNF,lambert2,0.30480061 ,20925832.16 ,0.0822718542249391,294.9786982 ,8 
L2MINNF83 ,lamcon2,0.30480061 ,20925391.87 ,0.0818191910429546,298.2572221 ,1
LM2MINSF,lambert2,0.30480061 ,20925832.16 ,0.0822718542249391,294.9786982 ,8 
L2MINSF83 ,lamcon2,0.30480061 ,20925391.87 ,0.0818191910429546,298.2572221 ,1
LM2MOCFT,lambert2,0.30480061 ,20925832.16 ,0.0822718542249391,294.9786982 ,8 
L2MON2 ,lamcon2,1.0 ,6378245.0 ,0.0818133340169312,298.3 ,1   
LM2MON ,lambert2,1.0 ,6378245.0 ,0.0818133340169312,298.3 ,1 
LM2MONFT,lambert2,0.30480061 ,20925832.16 ,0.0822718542249391,294.9786982 ,8 
LM2MOSFT,lambert2,0.30480061 ,20925832.16 ,0.0822718542249391,294.9786982 ,8 
LM2MTCFT,lambert2,0.30480061 ,20925832.16 ,0.0822718542249391,294.9786982 ,1  
L2MTF83 ,lamcon2,0.30480061 ,20925391.87 ,0.0818191910429546,298.2572221 ,1
LM2MTM ,lambert2,1.0 ,6378137.0 ,0.0818191910429526,298.2572221 ,1  
LM2MTNFT,lambert2,0.30480061 ,20925832.16 ,0.0822718542249391,294.9786982 ,1  
LM2MTSFT,lambert2,0.30480061 ,20925832.16 ,0.0822718542249391,294.9786982 ,1  
LM2NBRUN,lambert2,1.0 ,6378206.4 ,0.0822718542249391,294.9786982 ,1  
LM2NBSEA,lambert2,1.0 ,6378245.0 ,0.0818133340169312,298.3 ,1  
LM2NCAFT,lambert2,0.30480061 ,20925832.16 ,0.0822718542249391,294.9786982 ,8 
L2NCAFT83 ,lamcon2,0.30480061 ,20925391.87 ,0.0818191910429546,298.2572221 ,1
LM2NDNFT,lambert2,0.30480061 ,20925832.16 ,0.0822718542249391,294.9786982 ,8 
L2NDNFT83 ,lamcon2,0.30480061 ,20925391.87 ,0.0818191910429546,298.2572221 ,1
LM2NDNM ,lambert2,1.0 ,6378137.0 ,0.0818191910429526,298.2572221 ,1  
LM2NDSFT,lambert2,0.30480061 ,20925832.16 ,0.0822718542249391,294.9786982 ,8 
L2NDSFT83 ,lamcon2,0.30480061 ,20925391.87 ,0.0818191910429546,298.2572221 ,1
L2NEBF83 ,lamcon2,0.30480061 ,20925391.87 ,0.0818191910429546,298.2572221 ,1
LM2NEBM ,lambert2,1.0 ,6378137.0 ,0.0818191910429526,298.2572221 ,1  
LM2NEBNF,lambert2,0.30480061 ,20925832.16 ,0.0822718542249391,294.9786982 ,8 
LM2NEBSF,lambert2,0.30480061 ,20925832.16 ,0.0822718542249391,294.9786982 ,8 
LM2NEPAL,lambert2,1.0 ,6377276.345 ,0.0814729809826527,300.8017 ,1  
LM2NEWYF,lambert2,0.30480061 ,20925832.16 ,0.0822718542249391,294.9786982 ,8 
L2NEWYF83 ,lamcon2,0.30480061 ,20925391.87 ,0.0818191910429546,298.2572221 ,1
LM2NFA ,lambert2,1.0 ,6378206.4 ,0.0822718542249391,294.9786982 ,1  
LM2NFB ,lambert2,1.0 ,6378206.4 ,0.0822718542249391,294.9786982 ,1  
LM2NHEM ,lambert2,1.0 ,6378388.0 ,0.0819918899790298,297.0 ,1  
LM2NSW1 ,lambert2, 1.0, 6378160.0 ,0.0818201799960599,298.25, 1
LM2NSW2 ,lambert2, 1.0, 6378160.0 ,0.0818201799960599,298.25, 1
LM2NSEA ,lambert2,1.0 ,6378388.0 ,0.0819918899790298,297.0 ,1  
LM2NZN ,lambert2,1.0 ,6378249.145 ,0.0824834000441851,293.465 ,1  
LM2NZS ,lambert2,1.0 ,6378249.145 ,0.0824834000441851,293.465 ,1  
LM2OHINF,lambert2,0.30480061 ,20925832.16 ,0.0822718542249391,294.9786982 ,8 
L2OHINF83 ,lamcon2,0.30480061 ,20925391.87 ,0.0818191910429546,298.2572221 ,1
LM2OHISF,lambert2,0.30480061 ,20925832.16 ,0.0822718542249391,294.9786982 ,8 
L2OHISF83 ,lamcon2,0.30480061 ,20925391.87 ,0.0818191910429546,298.2572221 ,1
LM2OKLNF,lambert2,0.30480061 ,20925832.16 ,0.0822718542249391,294.9786982 ,8 
L2OKLNF83 ,lamcon2,0.30480061 ,20925391.87 ,0.0818191910429546,298.2572221 ,1
LM2OKLNM,lambert2,1.0 ,6378137.0 ,0.0818191910429526,298.2572221 ,1  
LM2OKLSF,lambert2,0.30480061 ,20925832.16 ,0.0822718542249391,294.9786982 ,8 
L2OKLSF83 ,lamcon2,0.30480061 ,20925391.87 ,0.0818191910429546,298.2572221 ,1
LM2OKLSM,lambert2,1.0 ,6378137.0 ,0.0818191910429526,298.2572221 ,1  
LM2ONH25,lambert2,1.0 ,6378388.0 ,0.0819918899790298,297.0 ,1  
LM2ORENF,lambert2,0.30480061 ,20925832.16 ,0.0822718542249391,294.9786982 ,8 
L2ORENF83 ,lamcon2,0.30480061 ,20925391.87 ,0.0818191910429546,298.2572221 ,1
LM2ORESF,lambert2,0.30480061 ,20925832.16 ,0.0822718542249391,294.9786982 ,8 
L2ORESF83 ,lamcon2,0.30480061 ,20925391.87 ,0.0818191910429546,298.2572221 ,1
LM2OSTER,lambert2,1.0 ,6378388.0 ,0.0819918899790298,297.0 ,8 
LM2PAK ,lambert2, 1.0, 6377301.243, .0814729775350297, 300.8017255, 1
LM2PANFT,lambert2,0.30480061 ,20925832.16 ,0.0822718542249391,294.9786982 ,8 
L2PANFT83 ,lamcon2,0.30480061 ,20925391.87 ,0.0818191910429546,298.2572221 ,1
LM2PASFT,lambert2,0.30480061 ,20925832.16 ,0.0822718542249391,294.9786982 ,1  
L2PASFT83 ,lamcon2,0.30480061 ,20925391.87 ,0.0818191910429546,298.2572221 ,1
LM2PRMB ,lambert2,1.0 ,6378135.0 ,0.0818188106627489,298.26 ,1  
LM2PRV1F,lambert2,0.30480061 ,20925832.16 ,0.0822718542249391,294.9786982 ,1  
L2PRVF83 ,lamcon2,0.30480061 ,20925391.87 ,0.0818191910429546,298.2572221 ,1
LM2PRV2F,lambert2,0.30480061 ,20925832.16 ,0.0822718542249391,294.9786982 ,1  
LM2RUSS ,lambert2,1.0 ,6378245.0 ,0.0818133340169312,298.3 ,1  
LM2RUSS1,lambert2,1.0 ,6378245.0 ,0.0818133340169312,298.3 ,1  
LM2RUSS2,lambert2,1.0 ,6378245.0 ,0.0818133340169312,298.3 ,1  
LM2RUSS3,lambert2,1.0 ,6378245.0 ,0.0818133340169312,298.3 ,1  
LM2RUSS4,lambert2,1.0 ,6378245.0 ,0.0818133340169312,298.3 ,1  
LM2RUSS5,lambert2,1.0 ,6378245.0 ,0.0818133340169312,298.3 ,1  
LM2RUSS6,lambert2,1.0 ,6378245.0 ,0.0818133340169312,298.3 ,1  
LM2SCHIN,lambert2,1.0 ,6378135.0 ,0.0818188106627489,298.26 ,1  
LM2SCHNS,lambert2,1.0 ,6378135.0 ,0.0818188106627489,298.26 ,1  
LM2SCNFT,lambert2,0.30480061 ,20925832.16 ,0.0822718542249391,294.9786982 ,1  
LM2SCSFT,lambert2,0.30480061 ,20925832.16 ,0.0822718542249391,294.9786982 ,1  
L2SCFT83 ,lamcon2,0.30480061 ,20925391.87 ,0.0818191910429546,298.2572221 ,1
LM2SDNFT,lambert2,0.30480061 ,20925832.16 ,0.0822718542249391,294.9786982 ,1  
L2SDNFT83 ,lamcon2,0.30480061 ,20925391.87 ,0.0818191910429546,298.2572221 ,1
LM2SDSFT,lambert2,0.30480061 ,20925832.16 ,0.0822718542249391,294.9786982 ,1  
L2SDSFT83 ,lamcon2,0.30480061 ,20925391.87 ,0.0818191910429546,298.2572221 ,1
LM2SEYCH,lambert2,1.0 ,6378249.145 ,0.0824834000441851,293.465 ,1  
LM2SHAW ,lambert2,1.0 ,6378135.0 ,0.0818188106627489,298.26 ,1  
LM2SYRIA,lambert2,1.0 ,6378388.0 ,0.0819918899790298,297.0 ,1  
LM2TAIW ,lambert2,1.0 ,6378135.0 ,0.0818188106627489,298.26 ,8 
LM2TARIM,lambert2,1.0 ,6378245.0 ,0.0818133340169312,298.3 ,8 
LM2TENNF,lambert2,0.30480061 ,20925832.16 ,0.0822718542249391,294.9786982 ,1  
L2TENNF83 ,lamcon2,0.30480061 ,20925391.87 ,0.0818191910429546,298.2572221 ,1
LM2TIBET ,lambert2, 1.0, 6377301.243, .0814729775350297, 300.8017255, 1
LM2TIMAN,lambert2,1.0 ,6378245.0 ,0.0818133340169312,298.3 ,1  
LM2TURK ,lambert2,1.0 ,6378388.0 ,0.0819918899790298,297.0 ,1  
LM2TURKG,lambert2,1.0 ,6378388.0 ,0.0819918899790298,297.0 ,1  
LM2TURKY,lambert2,1.0 ,6378388.0 ,0.0819918899790298,297.0 ,1  
LM2TXCF ,lambert2,0.30480061 ,20925832.16 ,0.0822718542249391,294.9786982 ,8
L2TXCF83 ,lamcon2,0.30480061 ,20925391.87 ,0.0818191910429546,298.2572221 ,1 
LM2TXCM ,lambert2,1.0 ,6378137.0 ,0.0818191910429526,298.2572221 ,1  
LM2TXNCF,lambert2,0.30480061 ,20925832.16 ,0.0822718542249391,294.9786982 ,8 
L2TXNCF83 ,lamcon2,0.30480061 ,20925391.87 ,0.0818191910429546,298.2572221 ,1
LM2TXNCM,lambert2,1.0 ,6378137.0 ,0.0818191910429526,298.2572221 ,1  
LM2TXNF ,lambert2,0.30480061 ,20925832.16 ,0.0822718542249391,294.9786982 ,8 
L2TXNF83 ,lamcon2,0.30480061 ,20925391.87 ,0.0818191910429546,298.2572221 ,1
LM2TXSCF,lambert2,0.30480061 ,20925832.16 ,0.0822718542249391,294.9786982 ,8 
L2TXSCF83 ,lamcon2,0.30480061 ,20925391.87 ,0.0818191910429546,298.2572221 ,1
LM2TXSCM,lambert2,1.0 ,6378137.0 ,0.0818191910429526,298.2572221 ,1  
LM2TXSF ,lambert2,0.30480061 ,20925832.16 ,0.0822718542249391,294.9786982 ,8 
L2TXSF83 ,lamcon2,0.30480061 ,20925391.87 ,0.0818191910429546,298.2572221 ,1
LM2TXSM ,lambert2,1.0 ,6378137.0 ,0.0818191910429526,298.2572221 ,1  
LM2UKN ,lambert2,1.0 ,6378388.0 ,0.0819918899790298,297.0 ,1  
LM2USSR ,lambert2,1.0 ,6378245.0 ,0.0818133340169312,298.3 ,1  
LM2USSR1,lambert2,1.0 ,6378245.0 ,0.0818133340169312,298.3 ,1  
LM2USSR2,lambert2,1.0 ,6378245.0 ,0.0818133340169312,298.3 ,1  
LM2UTHCF,lambert2,0.30480061 ,20925832.16 ,0.0822718542249391,294.9786982 ,8 
L2UTHCF83 ,lamcon2,0.30480061 ,20925391.87 ,0.0818191910429546,298.2572221 ,1
LM2UTHNF,lambert2,0.30480061 ,20925832.16 ,0.0822718542249391,294.9786982 ,8 
L2UTHNF83 ,lamcon2,0.30480061 ,20925391.87 ,0.0818191910429546,298.2572221 ,1
LM2UTHSF,lambert2,0.30480061 ,20925832.16 ,0.0822718542249391,294.9786982 ,8 
L2UTHSF83 ,lamcon2,0.30480061 ,20925391.87 ,0.0818191910429546,298.2572221 ,1
LM2VEN ,lambert2,1.0 ,6378388.0 ,0.0819918899790298,297.0 ,1  
LM2VENCN,lambert2,1.0 ,6378388.0 ,0.0819918899790298,297.0 ,1  
LM2VENPC,lambert2,1.0 ,6378388.0 ,0.0819918899790298,297.0 ,1  
LM2VIET ,lambert2,1.0 ,6378135.0 ,0.0818188106627489,298.26 ,1  
LM2VIRNF,lambert2,0.30480061 ,20925832.16 ,0.0822718542249391,294.9786982 ,8 
L2VIRNF83 ,lamcon2,0.30480061 ,20925391.87 ,0.0818191910429546,298.2572221 ,1
LM2VIRSF,lambert2,0.30480061 ,20925832.16 ,0.0822718542249391,294.9786982 ,8 
L2VIRSF83 ,lamcon2,0.30480061 ,20925391.87 ,0.0818191910429546,298.2572221 ,1
LM2_WA_WGS84 ,lambert2,1.0 , 6378137.0 , 0.0818191908375549,298.2572236 ,1 
LM2WAUST ,lambert2,1.0 ,6378160.0 ,0.0818201799960599,298.25 ,1
LM2WISCF,lambert2,0.30480061 ,20925832.16 ,0.0822718542249391,294.9786982 ,8 
L2WISCF83 ,lamcon2,0.30480061 ,20925391.87 ,0.0818191910429546,298.2572221 ,1
LM2WISNF,lambert2,0.30480061 ,20925832.16 ,0.0822718542249391,294.9786982 ,8 
L2WISNF83 ,lamcon2,0.30480061 ,20925391.87 ,0.0818191910429546,298.2572221 ,1
LM2WISSF,lambert2,0.30480061 ,20925832.16 ,0.0822718542249391,294.9786982 ,8 
L2WISSF83 ,lamcon2,0.30480061 ,20925391.87 ,0.0818191910429546,298.2572221 ,1
LM2WSHNF,lambert2,0.30480061 ,20925832.16 ,0.0822718542249391,294.9786982 ,8 
L2WSHNF83 ,lamcon2,0.30480061 ,20925391.87 ,0.0818191910429546,298.2572221 ,1
LM2WSHSF,lambert2,0.30480061 ,20925832.16 ,0.0822718542249391,294.9786982 ,8 
L2WSHSF83 ,lamcon2,0.30480061 ,20925391.87 ,0.0818191910429546,298.2572221 ,1
LM2WVANF,lambert2,0.30480061 ,20925832.16 ,0.0822718542249391,294.9786982 ,8 
L2WVANF83 ,lamcon2,0.30480061 ,20925391.87 ,0.0818191910429546,298.2572221 ,1
LM2WVASF,lambert2,0.30480061 ,20925832.16 ,0.0822718542249391,294.9786982 ,8 
L2WVASF83 ,lamcon2,0.30480061 ,20925391.87 ,0.0818191910429546,298.2572221 ,1
LOCAL, local , 1.0, 6378206.4 ,0.0822718542249391,294.9786982 ,1
MALAYA ,obmerc_b, 1.0, 6377304.063, 0.0814729809826526, 300.8017, 1
MALRSOW, obmerc_c, 1.0, 6377304.063, 0.0814729809826526, 300.8017, 1
MALRSOE, obmerc_c, 1.0, 6377298.565, 0.0814729809826526, 300.8017, 1
MGA48 ,tranmerc,1.0 ,6378137.0 ,0.081819191043,298.25 ,1 
MGA49 ,tranmerc,1.0 ,6378137.0 ,0.081819191043,298.25 ,1 
MGA50 ,tranmerc,1.0 ,6378137.0 ,0.081819191043,298.25 ,1 
MGA51 ,tranmerc,1.0 ,6378137.0 ,0.081819191043,298.25 ,1 
MGA52 ,tranmerc,1.0 ,6378137.0 ,0.081819191043,298.25 ,1 
MGA53 ,tranmerc,1.0 ,6378137.0 ,0.081819191043,298.25 ,1 
MGA54 ,tranmerc,1.0 ,6378137.0 ,0.081819191043,298.25 ,1 
MGA55 ,tranmerc,1.0 ,6378137.0 ,0.081819191043,298.25 ,1 
MGA56 ,tranmerc,1.0 ,6378137.0 ,0.081819191043,298.25 ,1 
MGA57 ,tranmerc,1.0 ,6378137.0 ,0.081819191043,298.25 ,1 
MGA58 ,tranmerc,1.0 ,6378137.0 ,0.081819191043,298.25 ,1 
MILLER,millercy,1.0,6371000.0,0.0,1.0,1
MPCALIF ,modpol ,1.0 ,6378206.4 ,0.0822718542249391,294.9786982 ,1  
MR1630N ,mercator,1.0 ,6378135.0 ,0.0818188106627489,298.26 ,1  
MR21N ,mercator,1.0 ,6378135.0 ,0.0818188106627489,298.26 ,1  
MR36N ,mercator,1.0 ,6378388.0 ,0.0819918899790298,297.0 ,1  
MR38N ,mercator,1.0 ,6378388.0 ,0.0819918899790298,297.0 ,1  
MR43N ,mercator,1.0 ,6378388.0 ,0.0819918899790298,297.0 ,1  
MR65N ,mercator,1.0 ,6378388.0 ,0.0819918899790298,297.0 ,8 
MR7S ,mercator,1.0 ,6377397.155 ,0.0816968312225275,299.1528128 ,1  
MRAFRICA,mercator,1.0 ,6378249.145 ,0.0824834000441851,293.465 ,8 
MRANS ,mercator,1.0 ,6378160.0 ,0.0818201799960599,298.25 ,8 
MRBLACKS,mercator,1.0 ,6378245.0 ,0.0818133340169312,298.3 ,1  
MRCAMER ,mercator,1.0 ,6378135.0 ,0.0818188106627489,298.26 ,1  
MRCARIB ,mercator,1.0 ,6378206.4 ,0.0822718542249391,294.9786982 ,8 
MRCONGO ,mercator,1.0 ,6378249.145 ,0.0824834000441851,293.465 ,1  
MREV ,mercator,1.0 ,6377276.345 ,0.0814729404224089,300.802 ,8 
MRGOM ,mercator,1.0 ,6378206.4 ,0.0822718542249391,294.9786982 ,1  
MRINDO ,mercator,1.0 ,6377397.155 ,0.0816968312225275,299.1528128 ,1  
MRINDON ,mercator,1.0 ,6377397.155 ,0.0816968312225275,299.1528128 ,1  
MRLCC ,mercator,1.0 ,6377304.063 ,0.0814729809826526,300.8017 ,1
MRMALAY ,mercator,1.0 ,6377397.155 ,0.0816968312225275,299.1528128 ,1  
MRNAM ,mercator,1.0 ,6378135.0 ,0.0818188106627489,298.26 ,1  
MRNEIEZ ,mercator,1.0 ,6377397.155 ,0.0816968312225275,299.1528128 ,1  
MRNEWFND,mercator,1.0 ,6378206.4 ,0.0822718542249391,294.9786982 ,1  
MRNSEA ,mercator,1.0 ,6378388.0 ,0.0819918899790298,297.0 ,1  
MRNWL10D,mercator,1.0 ,6378135.0 ,0.0818188106627489,298.26 ,1  
MRVENZ ,mercator,1.0 ,6378388.0 ,0.0819918899790298,297.0 ,1  
MRVIET ,mercator,1.0 ,6378245.0 ,0.0818133340169312,298.3 ,1  
MRWORLD ,mercator,1.0 ,6378388.0 ,0.0819918899790298,297.0 ,1  
MRWORLD1,mercator,1.0 ,6378388.0 ,0.0819918899790298,297.0 ,8 
MRWORLD2,mercator,1.0 ,6378388.0 ,0.0819918899790298,297.0 ,8 
MRWSOUTH,mercator,1.0 ,6378388.0 ,0.0819918899790298,297.0 ,1  
MSAFRICA,modstero,1.0 ,6371221.0 ,0.0 ,1.0 ,1  
MW180E ,mollweid,1.0 ,6371000.0 ,0.0 ,1.0 ,1  
MW90EAST,mollweid,1.0 ,6371000.0 ,0.0 ,1.0 ,1  
MW90WEST,mollweid,1.0 ,6371000.0 ,0.0 ,1.0 ,1  
MWSPHERE,mollweid,1.0 ,6371000.0 ,0.0 ,1.0 ,1  
NUTM01 ,utm ,1.0 ,0.0 ,0.0 ,0.0 , 
NUTM02 ,utm ,1.0 ,0.0 ,0.0 ,0.0 , 
NUTM03 ,utm ,1.0 ,0.0 ,0.0 ,0.0 , 
NUTM04 ,utm ,1.0 ,0.0 ,0.0 ,0.0 , 
NUTM05 ,utm ,1.0 ,0.0 ,0.0 ,0.0 , 
NUTM06 ,utm ,1.0 ,0.0 ,0.0 ,0.0 , 
NUTM07 ,utm ,1.0 ,0.0 ,0.0 ,0.0 , 
NUTM08 ,utm ,1.0 ,0.0 ,0.0 ,0.0 , 
NUTM09 ,utm ,1.0 ,0.0 ,0.0 ,0.0 , 
NUTM10 ,utm ,1.0 ,0.0 ,0.0 ,0.0 , 
NUTM11 ,utm ,1.0 ,0.0 ,0.0 ,0.0 , 
NUTM12 ,utm ,1.0 ,0.0 ,0.0 ,0.0 , 
NUTM13 ,utm ,1.0 ,0.0 ,0.0 ,0.0 , 
NUTM14 ,utm ,1.0 ,0.0 ,0.0 ,0.0 , 
NUTM15 ,utm ,1.0 ,0.0 ,0.0 ,0.0 , 
NUTM16 ,utm ,1.0 ,0.0 ,0.0 ,0.0 , 
NUTM17 ,utm ,1.0 ,0.0 ,0.0 ,0.0 , 
NUTM18 ,utm ,1.0 ,0.0 ,0.0 ,0.0 , 
NUTM19 ,utm ,1.0 ,0.0 ,0.0 ,0.0 , 
NUTM20 ,utm ,1.0 ,0.0 ,0.0 ,0.0 , 
NUTM21 ,utm ,1.0 ,0.0 ,0.0 ,0.0 , 
NUTM22 ,utm ,1.0 ,0.0 ,0.0 ,0.0 , 
NUTM23 ,utm ,1.0 ,0.0 ,0.0 ,0.0 , 
NUTM24 ,utm ,1.0 ,0.0 ,0.0 ,0.0 , 
NUTM25 ,utm ,1.0 ,0.0 ,0.0 ,0.0 , 
NUTM26 ,utm ,1.0 ,0.0 ,0.0 ,0.0 , 
NUTM27 ,utm ,1.0 ,0.0 ,0.0 ,0.0 , 
NUTM28 ,utm ,1.0 ,0.0 ,0.0 ,0.0 , 
NUTM29 ,utm ,1.0 ,0.0 ,0.0 ,0.0 , 
NUTM30 ,utm ,1.0 ,0.0 ,0.0 ,0.0 , 
NUTM31 ,utm ,1.0 ,0.0 ,0.0 ,0.0 , 
NUTM32 ,utm ,1.0 ,0.0 ,0.0 ,0.0 , 
NUTM33 ,utm ,1.0 ,0.0 ,0.0 ,0.0 , 
NUTM34 ,utm ,1.0 ,0.0 ,0.0 ,0.0 , 
NUTM35 ,utm ,1.0 ,0.0 ,0.0 ,0.0 , 
NUTM36 ,utm ,1.0 ,0.0 ,0.0 ,0.0 , 
NUTM37 ,utm ,1.0 ,0.0 ,0.0 ,0.0 , 
NUTM38 ,utm ,1.0 ,0.0 ,0.0 ,0.0 , 
NUTM39 ,utm ,1.0 ,0.0 ,0.0 ,0.0 , 
NUTM40 ,utm ,1.0 ,0.0 ,0.0 ,0.0 , 
NUTM41 ,utm ,1.0 ,0.0 ,0.0 ,0.0 , 
NUTM42 ,utm ,1.0 ,0.0 ,0.0 ,0.0 , 
NUTM43 ,utm ,1.0 ,0.0 ,0.0 ,0.0 , 
NUTM44 ,utm ,1.0 ,0.0 ,0.0 ,0.0 , 
NUTM45 ,utm ,1.0 ,0.0 ,0.0 ,0.0 , 
NUTM46 ,utm ,1.0 ,0.0 ,0.0 ,0.0 , 
NUTM47 ,utm ,1.0 ,0.0 ,0.0 ,0.0 , 
NUTM48 ,utm ,1.0 ,0.0 ,0.0 ,0.0 , 
NUTM49 ,utm ,1.0 ,0.0 ,0.0 ,0.0 , 
NUTM50 ,utm ,1.0 ,0.0 ,0.0 ,0.0 , 
NUTM51 ,utm ,1.0 ,0.0 ,0.0 ,0.0 , 
NUTM52 ,utm ,1.0 ,0.0 ,0.0 ,0.0 , 
NUTM53 ,utm ,1.0 ,0.0 ,0.0 ,0.0 , 
NUTM54 ,utm ,1.0 ,0.0 ,0.0 ,0.0 , 
NUTM55 ,utm ,1.0 ,0.0 ,0.0 ,0.0 , 
NUTM56 ,utm ,1.0 ,0.0 ,0.0 ,0.0 , 
NUTM57 ,utm ,1.0 ,0.0 ,0.0 ,0.0 , 
NUTM58 ,utm ,1.0 ,0.0 ,0.0 ,0.0 , 
NUTM59 ,utm ,1.0 ,0.0 ,0.0 ,0.0 , 
NUTM60 ,utm ,1.0 ,0.0 ,0.0 ,0.0 , 
NZMG ,tranmerc,1.0 ,6378388.0 ,0.0819918899790298,297.0 ,1 
OG45N45E,orthog ,1.0 ,6371000.0 ,0.0 ,1.0 ,1  
OG55N80E,orthog ,1.0 ,6371000.0 ,0.0 ,1.0 ,1  
OGEQU90W,orthog ,1.0 ,6371000.0 ,0.0 ,1.0 ,1  
OGNPOLE ,orthog ,1.0 ,6371000.0 ,0.0 ,1.0 ,1  
OMALSK1F,obmerc_b,0.30480061 ,20925832.16 ,0.0822718542249391,294.9786982 ,1  
OMALSK1M,obmerc_b,1.0 ,6378206.4 ,0.0822718542249391,294.9786982 ,1  
OSASIA ,stereo ,1.0 ,6378137.0 ,0.0818191910429526,298.2572221 ,1  
OSNAMER ,stereo ,1.0 ,6378206.4 ,0.0822718542249391,294.9786982 ,1  
OSSYRIA ,stereo ,1.0 ,6378249.145 ,0.0824834000441851,293.465 ,1  
PCALASKA,placaree,0.30480060966 ,20925832.16 ,0.0822718542249391,294.9786982 ,1  
PCALBERT,placaree,0.3047972619 ,20926062.0 ,0.0822718970620772,294.9783905 ,1  
PCNSLOPE,placaree,0.30480060966 ,20925832.16 ,0.0822718542249391,294.9786982 ,1  
PCNWT ,placaree,0.3047972619 ,20926062.0 ,0.0822718970620772,294.9783905 ,1  
PCTRUSFT,placaree,0.30480060966 ,20925832.16 ,0.0822718542249391,294.9786982 ,1  
PCWORLD ,placaree,1.0 ,6378137.0 ,0.0818192214555232,298.257 ,1  
PSCANADA,stereo ,1.0 ,6378206.4 ,0.0822718542249391,294.9786982 ,1  
PSFALK ,stereo ,1.0 ,6378388.0 ,0.0819918899790298,297.0 ,1  
PSGREEN ,stereo ,1.0 ,6378388.0 ,0.0819918899790298,297.0 ,1  
PSN150W ,stereo ,1.0 ,6378388.0 ,0.0819918899790298,297.0 ,1  
PSNORTH ,stereo ,1.0 ,6378388.0 ,0.0819918899790298,297.0 ,1  
PSNORWAY,stereo ,1.0 ,6378388.0 ,0.0819918899790298,297.0 ,1  
PSNTH000,stereo ,1.0 ,6378388.0 ,0.0819918899790298,297.0 ,1  
PSNTH045,stereo ,1.0 ,6378388.0 ,0.0819918899790298,297.0 ,1  
PSNTH180,stereo ,1.0 ,6378388.0 ,0.0819918899790298,297.0 ,1  
PS_WGS84 ,stereo ,1.0 ,6378137.0 ,0.0818191908375549,298.2572236 ,1  
PSSOUTH ,stereo ,1.0 ,6378388.0 ,0.0819918899790298,297.0 ,1  
RO90E ,robinson,1.0 ,6371000.0 ,0.0 ,1.0 ,1  
RO90W ,robinson,1.0 ,6371000.0 ,0.0 ,1.0 ,1  
ROBINSON,robinson,1.0 ,6371000.0 ,0.0 ,1.0 ,1  
RPMON ,regpol ,1.0 ,6378245.0 ,0.0818133340169312,298.3 ,1  
RPNAM ,regpol ,1.0 ,6378206.4 ,0.0822718542249391,294.9786982 ,1  
RPSIB ,regpol ,1.0 ,6378245.0 ,0.0818133340169312,298.3 ,1  
RPUSSR ,regpol ,1.0 ,6378245.0 ,0.0818133340169312,298.3 ,1  
SNSPHERE,sinusoid,1.0 ,6371000.0 ,0.0 ,1.0 ,1  
SNWORLD,sinusoid,1.0 ,6371000.0 ,0.0 ,1.0 ,1  
STMLO11 ,stm ,1.0 ,6378249.145 ,0.0824832165826249,293.4663077 ,1  
STMLO13 ,stm ,1.0 ,6378249.145 ,0.0824832165826249,293.4663077 ,1  
STMLO15 ,stm ,1.0 ,6378249.145 ,0.0824832165826249,293.4663077 ,1  
STMLO17 ,stm ,1.0 ,6378249.145 ,0.0824832165826249,293.4663077 ,1  
STMLO19 ,stm ,1.0 ,6378249.145 ,0.0824832165826249,293.4663077 ,1  
STMLO21 ,stm ,1.0 ,6378249.145 ,0.0824832165826249,293.4663077 ,1  
STMLO23 ,stm ,1.0 ,6378249.145 ,0.0824832165826249,293.4663077 ,1  
STMLO25 ,stm ,1.0 ,6378249.145 ,0.0824832165826249,293.4663077 ,1  
STMLO25F,stm ,0.3047972615 ,20926202.0 ,0.082483216582625 ,293.4663077 ,1  
STMLO27 ,stm ,1.0 ,6378249.145 ,0.0824832165826249,293.4663077 ,1  
STMLO27F,stm ,0.3047972615 ,20926202.0 ,0.082483216582625 ,293.4663077 ,1  
STMLO29 ,stm ,1.0 ,6378249.145 ,0.0824832165826249,293.4663077 ,1  
STMLO31 ,stm ,1.0 ,6378249.145 ,0.0824832165826249,293.4663077 ,1  
STMLO33 ,stm ,1.0 ,6378249.145 ,0.0824832165826249,293.4663077 ,1  
STMLO35 ,stm ,1.0 ,6378249.145 ,0.0824832165826249,293.4663077 ,1  
STMLO37 ,stm ,1.0 ,6378249.145 ,0.0824832165826249,293.4663077 ,1  
STMLO39 ,stm ,1.0 ,6378249.145 ,0.0824832165826249,293.4663077 ,1  
STMLO41 ,stm ,1.0 ,6378249.145 ,0.0824832165826249,293.4663077 ,1  
STMLO43 ,stm ,1.0 ,6378249.145 ,0.0824832165826249,293.4663077 ,1  
STMLO9 ,stm ,1.0 ,6378249.145 ,0.0824832165826249,293.4663077 ,1  
SUTM01 ,utm ,1.0 ,0.0 ,0.0 ,0.0 , 
SUTM02 ,utm ,1.0 ,0.0 ,0.0 ,0.0 , 
SUTM03 ,utm ,1.0 ,0.0 ,0.0 ,0.0 , 
SUTM04 ,utm ,1.0 ,0.0 ,0.0 ,0.0 , 
SUTM05 ,utm ,1.0 ,0.0 ,0.0 ,0.0 , 
SUTM06 ,utm ,1.0 ,0.0 ,0.0 ,0.0 , 
SUTM07 ,utm ,1.0 ,0.0 ,0.0 ,0.0 , 
SUTM08 ,utm ,1.0 ,0.0 ,0.0 ,0.0 , 
SUTM09 ,utm ,1.0 ,0.0 ,0.0 ,0.0 , 
SUTM10 ,utm ,1.0 ,0.0 ,0.0 ,0.0 , 
SUTM11 ,utm ,1.0 ,0.0 ,0.0 ,0.0 , 
SUTM12 ,utm ,1.0 ,0.0 ,0.0 ,0.0 , 
SUTM13 ,utm ,1.0 ,0.0 ,0.0 ,0.0 , 
SUTM14 ,utm ,1.0 ,0.0 ,0.0 ,0.0 , 
SUTM15 ,utm ,1.0 ,0.0 ,0.0 ,0.0 , 
SUTM16 ,utm ,1.0 ,0.0 ,0.0 ,0.0 , 
SUTM17 ,utm ,1.0 ,0.0 ,0.0 ,0.0 , 
SUTM18 ,utm ,1.0 ,0.0 ,0.0 ,0.0 , 
SUTM19 ,utm ,1.0 ,0.0 ,0.0 ,0.0 , 
SUTM20 ,utm ,1.0 ,0.0 ,0.0 ,0.0 , 
SUTM21 ,utm ,1.0 ,0.0 ,0.0 ,0.0 , 
SUTM22 ,utm ,1.0 ,0.0 ,0.0 ,0.0 , 
SUTM23 ,utm ,1.0 ,0.0 ,0.0 ,0.0 , 
SUTM24 ,utm ,1.0 ,0.0 ,0.0 ,0.0 , 
SUTM25 ,utm ,1.0 ,0.0 ,0.0 ,0.0 , 
SUTM26 ,utm ,1.0 ,0.0 ,0.0 ,0.0 , 
SUTM27 ,utm ,1.0 ,0.0 ,0.0 ,0.0 , 
SUTM28 ,utm ,1.0 ,0.0 ,0.0 ,0.0 , 
SUTM29 ,utm ,1.0 ,0.0 ,0.0 ,0.0 , 
SUTM30 ,utm ,1.0 ,0.0 ,0.0 ,0.0 , 
SUTM31 ,utm ,1.0 ,0.0 ,0.0 ,0.0 , 
SUTM32 ,utm ,1.0 ,0.0 ,0.0 ,0.0 , 
SUTM33 ,utm ,1.0 ,0.0 ,0.0 ,0.0 , 
SUTM34 ,utm ,1.0 ,0.0 ,0.0 ,0.0 , 
SUTM35 ,utm ,1.0 ,0.0 ,0.0 ,0.0 , 
SUTM36 ,utm ,1.0 ,0.0 ,0.0 ,0.0 , 
SUTM37 ,utm ,1.0 ,0.0 ,0.0 ,0.0 , 
SUTM38 ,utm ,1.0 ,0.0 ,0.0 ,0.0 , 
SUTM39 ,utm ,1.0 ,0.0 ,0.0 ,0.0 , 
SUTM40 ,utm ,1.0 ,0.0 ,0.0 ,0.0 , 
SUTM41 ,utm ,1.0 ,0.0 ,0.0 ,0.0 , 
SUTM42 ,utm ,1.0 ,0.0 ,0.0 ,0.0 , 
SUTM43 ,utm ,1.0 ,0.0 ,0.0 ,0.0 , 
SUTM44 ,utm ,1.0 ,0.0 ,0.0 ,0.0 , 
SUTM45 ,utm ,1.0 ,0.0 ,0.0 ,0.0 , 
SUTM46 ,utm ,1.0 ,0.0 ,0.0 ,0.0 , 
SUTM47 ,utm ,1.0 ,0.0 ,0.0 ,0.0 , 
SUTM48 ,utm ,1.0 ,0.0 ,0.0 ,0.0 , 
SUTM49 ,utm ,1.0 ,0.0 ,0.0 ,0.0 , 
SUTM50 ,utm ,1.0 ,0.0 ,0.0 ,0.0 , 
SUTM51 ,utm ,1.0 ,0.0 ,0.0 ,0.0 , 
SUTM52 ,utm ,1.0 ,0.0 ,0.0 ,0.0 , 
SUTM53 ,utm ,1.0 ,0.0 ,0.0 ,0.0 , 
SUTM54 ,utm ,1.0 ,0.0 ,0.0 ,0.0 , 
SUTM55 ,utm ,1.0 ,0.0 ,0.0 ,0.0 , 
SUTM56 ,utm ,1.0 ,0.0 ,0.0 ,0.0 , 
SUTM57 ,utm ,1.0 ,0.0 ,0.0 ,0.0 , 
SUTM58 ,utm ,1.0 ,0.0 ,0.0 ,0.0 , 
SUTM59 ,utm ,1.0 ,0.0 ,0.0 ,0.0 , 
SUTM60 ,utm ,1.0 ,0.0 ,0.0 ,0.0 , 
SWISSNEW,swiss ,1.0 ,6377397.155 ,0.0816968312225275,299.1528128 ,1  
SWISSOLD,swiss ,1.0 ,6377397.155 ,0.0816968312225275,299.1528128 ,1  
TM103_30,tranmerc,1.0 ,6378135.0 ,0.0818188106627489,298.26 ,1  
TM16E ,tranmerc,1.0 ,6378249.145 ,0.0824834000441851,293.465 ,1  
TM36 ,tranmerc,1.0 ,6378388.0 ,0.0819918899790298,297.0 ,1  
TM36E ,tranmerc,1.0 ,6378388.0 ,0.0819918899790298,297.0 ,1  
TM42E ,tranmerc,1.0 ,6378249.145 ,0.0824834000441851,293.465 ,1  
TM54E ,tranmerc,1.0 ,6378249.145 ,0.0824834000441851,293.465 ,1  
TM54WCM ,tranmerc,1.0 ,6378388.0 ,0.0819918899790298,297.0 ,1  
TM6W ,tranmerc,1.0 ,6378388.0 ,0.0819918899790298,297.0 ,1  
TMAFRICA,tranmerc,1.0 ,6378249.145 ,0.0824834000441851,293.465 ,1  
TMAFT15 ,tranmerc,0.304800641 ,20925832.16 ,0.0822718542249391,294.9786982 ,1  
TMAFT16 ,tranmerc,0.304800641 ,20925832.16 ,0.0822718542249391,294.9786982 ,1  
TMAFT17 ,tranmerc,0.304800641 ,20925832.16 ,0.0822718542249391,294.9786982 ,1  
TMALABEF,tranmerc,0.30480061 ,20925832.16 ,0.0822718542249391,294.9786982 ,1  
TMALABEF83,tranmerc,0.30480061 ,20925391.8696 ,0.0818191910429526,298.2572221 ,1  
TMALABWF,tranmerc,0.30480061 ,20925832.16 ,0.0822718542249391,294.9786982 ,1 
TMALABWF83,tranmerc,0.30480061 ,20925391.8696 ,0.0818191910429526,298.2572221 ,1 
TMALABWM,tranmerc,1.0 ,6378137.0 ,0.0818191910429526,298.2572221 ,1  
TMALSK2F,tranmerc,0.30480061 ,20925832.16 ,0.0822718542249391,294.9786982 ,1
TMALSK2F83,tranmerc,0.30480061 ,20925391.8696 ,0.0818191910429526,298.2572221 ,1   
TMALSK2M,tranmerc,1.0 ,6378137.0 ,0.0818191910429526,298.2572221 ,1  
TMALSK3F,tranmerc,0.30480061 ,20925832.16 ,0.0822718542249391,294.9786982 ,1
TMALSK3F83,tranmerc,0.30480061 ,20925391.8696 ,0.0818191910429526,298.2572221 ,1  
TMALSK3M,tranmerc,1.0 ,6378137.0 ,0.0818191910429526,298.2572221 ,1  
TMALSK4F,tranmerc,0.30480061 ,20925832.16 ,0.0822718542249391,294.9786982 ,1
TMALSK4F83,tranmerc,0.30480061 ,20925391.8696 ,0.0818191910429526,298.2572221 ,1  
TMALSK4M,tranmerc,1.0 ,6378137.0 ,0.0818191910429526,298.2572221 ,1  
TMALSK5F,tranmerc,0.30480061 ,20925832.16 ,0.0822718542249391,294.9786982 ,1  
TMALSK5F83,tranmerc,0.30480061 ,20925391.8696 ,0.0818191910429526,298.2572221 ,1
TMALSK5M,tranmerc,1.0 ,6378137.0 ,0.0818191910429526,298.2572221 ,1  
TMALSK6F,tranmerc,0.30480061 ,20925832.16 ,0.0822718542249391,294.9786982 ,1  
TMALSK6F83,tranmerc,0.30480061 ,20925391.8696 ,0.0818191910429526,298.2572221 ,1
TMALSK6M,tranmerc,1.0 ,6378137.0 ,0.0818191910429526,298.2572221 ,1  
TMALSK7F,tranmerc,0.30480061 ,20925832.16 ,0.0822718542249391,294.9786982 ,1  
TMALSK7F83,tranmerc,0.30480061 ,20925391.8696 ,0.0818191910429526,298.2572221 ,1
TMALSK7M,tranmerc,1.0 ,6378137.0 ,0.0818191910429526,298.2572221 ,1  
TMALSK8F,tranmerc,0.30480061 ,20925832.16 ,0.0822718542249391,294.9786982 ,1  
TMALSK8F83,tranmerc,0.30480061 ,20925391.8696 ,0.0818191910429526,298.2572221 ,1
TMALSK8M,tranmerc,1.0 ,6378137.0 ,0.0818191910429526,298.2572221 ,1  
TMALSK9F,tranmerc,0.30480061 ,20925832.16 ,0.0822718542249391,294.9786982 ,1  
TMALSK9F83,tranmerc,0.30480061 ,20925391.8696 ,0.0818191910429526,298.2572221 ,1
TMALSK9M,tranmerc,1.0 ,6378137.0 ,0.0818191910429526,298.2572221 ,1  
TMAMG48 ,tranmerc,1.0 ,6378160.0 ,0.0818201799960599,298.25 ,1  
TMAMG49 ,tranmerc,1.0 ,6378160.0 ,0.0818201799960599,298.25 ,1  
TMAMG50 ,tranmerc,1.0 ,6378160.0 ,0.0818201799960599,298.25 ,1  
TMAMG51 ,tranmerc,1.0 ,6378160.0 ,0.0818201799960599,298.25 ,1  
TMAMG52 ,tranmerc,1.0 ,6378160.0 ,0.0818201799960599,298.25 ,1  
TMAMG53 ,tranmerc,1.0 ,6378160.0 ,0.0818201799960599,298.25 ,1  
TMAMG54 ,tranmerc,1.0 ,6378160.0 ,0.0818201799960599,298.25 ,1  
TMAMG55 ,tranmerc,1.0 ,6378160.0 ,0.0818201799960599,298.25 ,1  
TMAMG56 ,tranmerc,1.0 ,6378160.0 ,0.0818201799960599,298.25 ,1  
TMAMG57 ,tranmerc,1.0 ,6378160.0 ,0.0818201799960599,298.25 ,1  
TMAMG58 ,tranmerc,1.0 ,6378160.0 ,0.0818201799960599,298.25 ,1  
TMARG1 ,tranmerc,1.0 ,6378388.0 ,0.0819918899790298,297.0 ,1  
TMARG2 ,tranmerc,1.0 ,6378388.0 ,0.0819918899790298,297.0 ,1  
TMARG3 ,tranmerc,1.0 ,6378388.0 ,0.0819918899790298,297.0 ,1  
TMARG4 ,tranmerc,1.0 ,6378388.0 ,0.0819918899790298,297.0 ,1  
TMARG5 ,tranmerc,1.0 ,6378388.0 ,0.0819918899790298,297.0 ,1  
TMARG6 ,tranmerc,1.0 ,6378388.0 ,0.0819918899790298,297.0 ,1  
TMARG7 ,tranmerc,1.0 ,6378388.0 ,0.0819918899790298,297.0 ,1  
TMARG8 ,tranmerc,1.0 ,6378206.4 ,0.0822718542527824,294.978698 ,1  
TMARG9 ,tranmerc,1.0 ,6378206.4 ,0.0822718542527824,294.978698 ,1  
TMARG54 ,tranmerc,1.0 ,6378388.0 ,0.0819918899790298,297.0 ,1  
TMARG57 ,tranmerc,1.0 ,6378388.0 ,0.0819918899790298,297.0 ,1  
TMARG60 ,tranmerc,1.0 ,6378388.0 ,0.0819918899790298,297.0 ,1  
TMARG63 ,tranmerc,1.0 ,6378388.0 ,0.0819918899790298,297.0 ,1  
TMARG66 ,tranmerc,1.0 ,6378388.0 ,0.0819918899790298,297.0 ,1  
TMARG69 ,tranmerc,1.0 ,6378388.0 ,0.0819918899790298,297.0 ,1  
TMARG72 ,tranmerc,1.0 ,6378388.0 ,0.0819918899790298,297.0 ,1  
TMARIZCF,tranmerc,0.30480061 ,20925832.16 ,0.0822718542249391,294.9786982 ,1
TMARIZCF83,tranmerc,0.30480061 ,20925391.87 ,0.0818191910429546,298.2572221   
TMARIZEF,tranmerc,0.30480061 ,20925832.16 ,0.0822718542249391,294.9786982 ,1 
TMARIZEF83,tranmerc,0.30480061 ,20925391.87 ,0.0818191910429546,298.2572221    
TMARIZWF,tranmerc,0.30480061 ,20925832.16 ,0.0822718542249391,294.9786982 ,1  
TMARIZWF83,tranmerc,0.30480061 ,20925391.87 ,0.0818191910429546,298.2572221   
TMARUBA ,tranmerc,1.0 ,6378388.0 ,0.0819918899790298,297.0 ,1  
TMAUSC ,tranmerc,1.0 ,6377397.155 ,0.0816968312225275,299.1528128 ,1  
TMAUSE ,tranmerc,1.0 ,6377397.155 ,0.0816968312225275,299.1528128 ,1  
TMAUSW ,tranmerc,1.0 ,6377397.155 ,0.0816968312225275,299.1528128 ,1  
TMAUSYD1,tranmerc,0.914391796 ,6975449.333 ,0.0823720922044076,294.26 ,1  
TMAUSYD2,tranmerc,0.914391796 ,6975449.333 ,0.0823720922044076,294.26 ,1  
TMAUSYD3,tranmerc,0.914391796 ,6975449.333 ,0.0823720922044076,294.26 ,1  
TMAUSYD4,tranmerc,0.914391796 ,6975449.333 ,0.0823720922044076,294.26 ,1  
TMAUSYD5,tranmerc,0.914391796 ,6975449.333 ,0.0823720922044076,294.26 ,1  
TMAUSYD6,tranmerc,0.914391796 ,6975449.333 ,0.0823720922044076,294.26 ,1  
TMAUSYD7,tranmerc,0.914391796 ,6975449.333 ,0.0823720922044076,294.26 ,1  
TMAUSYD8,tranmerc,0.914391796 ,6975449.333 ,0.0823720922044076,294.26 ,1  
TMBAHR ,tranmerc,1.0 ,6378249.145 ,0.0824834000441851,293.465 ,1  
TMBOAG1R,tranmerc,1.0 ,6378388.0 ,0.0819918899790298,297.0 ,4 
TMBOAG2R,tranmerc,1.0 ,6378388.0 ,0.0819918899790298,297.0 ,4 
TMBOAGA1,tranmerc,1.0 ,6378388.0 ,0.0819918899790298,297.0 ,1  
TMBOAGA2,tranmerc,1.0 ,6378388.0 ,0.0819918899790298,297.0 ,1  
TMBOGEQ ,tranmerc,1.0 ,6378388.0 ,0.0819918899790298,297.0 ,1  
TMBOH ,tranmerc,1.0 ,6378245.0 ,0.0818133340169312,298.3 ,1  
TMBOL1 ,tranmerc,1.0 ,6378160.0 ,0.0818201799960599,298.25 ,1  
TMBONAIR,tranmerc,1.0 ,6378388.0 ,0.0819918899790298,297.0 ,1  
TMBUCHAN,tranmerc,1.0 ,6378388.0 ,0.0819918899790298,297.0 ,1  
TMBURMA ,tranmerc,1.0 ,6377276.345 ,0.0814729809826527,300.8017 ,1  
TMCM116 ,tranmerc,1.0 ,6377397.155 ,0.0816968312225275,299.1528128 ,1  
TMCM126 ,tranmerc,1.0 ,6377397.155 ,0.0816968312225275,299.1528128 ,1  
TMCM133E,tranmerc,1.0 ,6378388.0 ,0.0819918899790298,297.0 ,1  
TMCM157E,tranmerc,1.0 ,6378388.0 ,0.0819918899790298,297.0 ,1  
TMCOLB ,tranmerc,1.0 ,6378388.0 ,0.0819918899790298,297.0 ,1  
TMCOLE ,tranmerc,1.0 ,6378388.0 ,0.0819918899790298,297.0 ,1  
TMCOLEC ,tranmerc,1.0 ,6378388.0 ,0.0819918899790298,297.0 ,1  
TMCOLW ,tranmerc,1.0 ,6378388.0 ,0.0819918899790298,297.0 ,1  
TMCONGO ,tranmerc,1.0 ,6378135.0 ,0.0818188106627489,298.26 ,1  
TMDELWRF,tranmerc,0.30480061 ,20925832.16 ,0.0822718542249391,294.9786982 ,1 
TMDELWRF83,tranmerc,0.30480061 ,20925391.87 ,0.0818191910429546,298.2572221 ,1  
TMEG24P ,tranmerc,1.0 ,6378388.0 ,0.0819918899790298,297.0 ,1  
TMEGEPTU,tranmerc,1.0 ,6378249.2 ,0.0824832567625238,293.4660213 ,1  
TMEGMFBP,tranmerc,1.0 ,6378200.0 ,0.0818133340169312,298.3 ,1  
TMEGSA87,tranmerc,1.0,6378137.0,0.0818191908375549,298.25722300,1
TMEGYPTB,tranmerc,1.0 ,6378200.0 ,0.0818133340169312,298.3 ,1  
TMEGYPTG,tranmerc,1.0 ,6378200.0 ,0.0818133340169312,298.3 ,1  
TMEGYPTP,tranmerc,1.0 ,6378200.0 ,0.0818133340169312,298.3 ,1  
TMEGYPTR,tranmerc,1.0 ,6378200.0 ,0.0818133340169312,298.3 ,1  
TMEGYPTS,tranmerc,1.0 ,6378200.0 ,0.0818133340169312,298.3 ,1  
TMEGYPTW,tranmerc,1.0 ,6378388.0 ,0.0819918899790298,297.0 ,1  
TMETHIOP,tranmerc,1.0 ,6378249.145 ,0.0824834000441851,293.465 ,1  
TMFIN0,tranmerc,1,6378388,0.0819918899790298,297.0 ,1  
TMFIN1,tranmerc,1,6378388,0.0819918899790298,297.0 ,1  
TMFIN2,tranmerc,1,6378388,0.0819918899790298,297.0 ,1  
TMFIN3,tranmerc,1,6378388,0.0819918899790298,297.0 ,1  
TMFIN4,tranmerc,1,6378388,0.0819918899790298,297.0 ,1  
TMFIN5,tranmerc,1,6378388,0.0819918899790298,297.0 ,1  
TMFLRAEF,tranmerc,0.30480041 ,20925832.16 ,0.0822718542249391,294.9786982 ,1
TMFLRAEF83,tranmerc,0.30480041 ,20925391.87 ,0.0818191910429546,298.2572221   
TMFLRAWF,tranmerc,0.30480061 ,20925832.16 ,0.0822718542249391,294.9786982 ,1
TMFLRAWF83,tranmerc,0.30480041 ,20925391.87 ,0.0818191910429546,298.2572221   
TMGCWEG2,tranmerc,0.30480061 ,20925832.16 ,0.0822718542249391,294.9786982 ,1  
TMGEOREF,tranmerc,0.30480061 ,20925832.16 ,0.0822718542249391,294.9786982 ,1
TMGEOREF83,tranmerc,0.30480061 ,20925391.87 ,0.0818191910429546,298.2572221 ,1    
TMGEORWF,tranmerc,0.30480061 ,20925832.16 ,0.0822718542249391,294.9786982 ,1 
TMGEORWF83,tranmerc,0.30480061 ,20925391.87 ,0.0818191910429546,298.2572221 ,1 
TMGER1 ,tranmerc,1.0 ,6377397.155 ,0.0816968312225275,299.1528128 ,1  
TMGER2 ,tranmerc,1.0 ,6377397.155 ,0.0816968312225275,299.1528128 ,1  
TMGER3 ,tranmerc,1.0 ,6377397.155 ,0.0816968312225275,299.1528128 ,1  
TMGER4 ,tranmerc,1.0 ,6377397.155 ,0.0816968312225275,299.1528128 ,1  
TMGER5 ,tranmerc,1.0 ,6377397.155 ,0.0816968312225275,299.1528128 ,1  
TMGHANA ,tranmerc,1.0 ,6378249.145 ,0.0824834000441851,293.465 ,1  
TMGHANAF,tranmerc,0.304799472 ,20926201.0 ,0.0821300390617785,296.0 ,1  
TMGHANAY,tranmerc,0.91439841462 ,6975400.33333 ,0.0821300390617783,296.0 ,1  
TMGK20E ,tranmerc,1.0 ,6378245.0 ,0.0818133340169312,298.3 ,1  
TMGKN05 ,tranmerc,1.0 ,6378245.0 ,0.0818133340169312,298.3 ,1  
TMGKN06 ,tranmerc,1.0 ,6378245.0 ,0.0818133340169312,298.3 ,1  
TMGKN07 ,tranmerc,1.0 ,6378245.0 ,0.0818133340169312,298.3 ,1  
TMGKN10 ,tranmerc,1.0 ,6378245.0 ,0.0818133340169312,298.3 ,1  
TMGKN11 ,tranmerc,1.0 ,6378245.0 ,0.0818133340169312,298.3 ,1  
TMGKN12 ,tranmerc,1.0 ,6378245.0 ,0.0818133340169312,298.3 ,1  
TMGKN13 ,tranmerc,1.0 ,6378245.0 ,0.0818133340169312,298.3 ,1  
TMGKN14 ,tranmerc,1.0 ,6378245.0 ,0.0818133340169312,298.3 ,1  
TMGKN15 ,tranmerc,1.0 ,6378245.0 ,0.0818133340169312,298.3 ,1  
TMGKN16 ,tranmerc,1.0 ,6378245.0 ,0.0818133340169312,298.3 ,1  
TMGKN17 ,tranmerc,1.0 ,6378245.0 ,0.0818133340169312,298.3 ,1  
TMGKN18 ,tranmerc,1.0 ,6378245.0 ,0.0818133340169312,298.3 ,1  
TMGKN19 ,tranmerc,1.0 ,6378245.0 ,0.0818133340169312,298.3 ,1  
TMGKN20 ,tranmerc,1.0 ,6378245.0 ,0.0818133340169312,298.3 ,1  
TMGKN20W,tranmerc,1.0 ,6378135.0 ,0.0818188106627489,298.26 ,1  
TMGKN21 ,tranmerc,1.0 ,6378245.0 ,0.0818133340169312,298.3 ,1  
TMGKN21W,tranmerc,1.0 ,6378135.0 ,0.0818188106627489,298.26 ,1  
TMGKN22 ,tranmerc,1.0 ,6378245.0 ,0.0818133340169312,298.3 ,1  
TMGKN23 ,tranmerc,1.0 ,6378245.0 ,0.0818133340169312,298.3 ,1  
TMGKN8 ,tranmerc,1.0 ,6378245.0 ,0.0818133340169312,298.3 ,1  
TMGKN9 ,tranmerc,1.0 ,6378245.0 ,0.0818133340169312,298.3 ,1  
TMHAWI1F,tranmerc,0.30480061 ,20925832.16 ,0.0822718542249391,294.9786982 ,1
TMHAWI1F83,tranmerc,0.30480061 ,20925391.87 ,0.0818191910429546,298.2572221 ,1 
TMHAWI2F,tranmerc,0.30480061 ,20925832.16 ,0.0822718542249391,294.9786982 ,1  
TMHAWI2F83,tranmerc,0.30480061 ,20925391.87 ,0.0818191910429546,298.2572221 ,1
TMHAWI3F,tranmerc,0.30480061 ,20925832.16 ,0.0822718542249391,294.9786982 ,1  
TMHAWI3F83,tranmerc,0.30480061 ,20925391.87 ,0.0818191910429546,298.2572221 ,1
TMHAWI4F,tranmerc,0.30480061 ,20925832.16 ,0.0822718542249391,294.9786982 ,1  
TMHAWI4F83,tranmerc,0.30480061 ,20925391.87 ,0.0818191910429546,298.2572221 ,1
TMHAWI5F,tranmerc,0.30480061 ,20925832.16 ,0.0822718542249391,294.9786982 ,1  
TMHAWI5F83,tranmerc,0.30480061 ,20925391.87 ,0.0818191910429546,298.2572221 ,1 
TMHNT170,tranmerc,0.914398415 ,6975502.032 ,0.0819918899790298,297.0 ,1  
TMI,tranmerc,1.0,6378137,0.081819191043,298.2572222 ,1 
TMIDACFT,tranmerc,0.30480061 ,20925832.16 ,0.0822718542249391,294.9786982 ,1  
TMIDACFT83,tranmerc,0.30480061 ,20925391.87 ,0.0818191910429546,298.2572221 ,1
TMIDAEFT,tranmerc,0.30480061 ,20925832.16 ,0.0822718542249391,294.9786982 ,1  
TMIDAEFT83,tranmerc,0.30480061 ,20925391.87 ,0.0818191910429546,298.2572221 ,1
TMIDAWFT,tranmerc,0.30480061 ,20925832.16 ,0.0822718542249391,294.9786982 ,1  
TMIDAWFT83,tranmerc,0.30480061 ,20925391.87 ,0.0818191910429546,298.2572221 ,1
TMILLEFT,tranmerc,0.30480061 ,20925832.16 ,0.0822718542249391,294.9786982 ,1  
TMILLEFT83,tranmerc,0.30480061 ,20925391.87 ,0.0818191910429546,298.2572221 ,1
TMILLWFT,tranmerc,0.30480061 ,20925832.16 ,0.0822718542249391,294.9786982 ,1  
TMILLWFT83,tranmerc,0.30480061 ,20925391.87 ,0.0818191910429546,298.2572221 ,1
TMIND114,tranmerc,1.0 ,6378135.0 ,0.0818188106627489,298.26 ,1  
TMINDEFT,tranmerc,0.30480061 ,20925832.16 ,0.0822718542249391,294.9786982 ,1  
TMINDEFT83,tranmerc,0.30480061 ,20925391.87 ,0.0818191910429546,298.2572221 ,1
TMINDWFT,tranmerc,0.30480061 ,20925832.16 ,0.0822718542249391,294.9786982 ,1  
TMINDWFT83,tranmerc,0.30480061 ,20925391.87 ,0.0818191910429546,298.2572221 ,1
TMIRAQ ,tranmerc,1.0 ,6378249.145 ,0.0824834000441851,293.465 ,1  
TMIRAQC ,tranmerc,1.0 ,6378249.145 ,0.0819278876647748,297.465 ,1  
TMISG541,tranmerc,1.0 ,6378160.0 ,0.0818201799960599,298.25, 1
TMISG542,tranmerc,1.0 ,6378160.0 ,0.0818201799960599,298.25, 1
TMISG543,tranmerc,1.0 ,6378160.0 ,0.0818201799960599,298.25, 1
TMISG551,tranmerc,1.0 ,6378160.0 ,0.0818201799960599,298.25, 1
TMISG552,tranmerc,1.0 ,6378160.0 ,0.0818201799960599,298.25, 1
TMISG553,tranmerc,1.0 ,6378160.0 ,0.0818201799960599,298.25, 1
TMISG561,tranmerc,1.0 ,6378160.0 ,0.0818201799960599,298.25, 1
TMISG562,tranmerc,1.0 ,6378160.0 ,0.0818201799960599,298.25, 1
TMISG563,tranmerc,1.0 ,6378160.0 ,0.0818201799960599,298.25, 1
TMJORDAN,tranmerc,1.0 ,6378300.79 ,0.0824832078984994,293.4663696 ,1  
TMKOREA ,tranmerc,1.0 ,6377397.155 ,0.0816968312225275,299.1528128 ,1  
TMMAINEF,tranmerc,0.30480061 ,20925832.16 ,0.0822718542249391,294.9786982 ,1  
TMMAINEF83,tranmerc,0.30480061 ,20925391.87 ,0.0818191910429546,298.2572221 ,1
TMMAINWF,tranmerc,0.30480061 ,20925832.16 ,0.0822718542249391,294.9786982 ,1  
TMMAINWF83,tranmerc,0.30480061 ,20925391.87 ,0.0818191910429546,298.2572221 ,1
TMMCBO4 ,tranmerc,1.0 ,6378388.0 ,0.0819918899790298,297.0 ,1  
TMMICHCF,tranmerc,0.304788967 ,20926631.53 ,0.0822718542249391,294.9786982 ,1  
TMMICHEF,tranmerc,0.304788967 ,20926631.53 ,0.0822718542249391,294.9786982 ,1  
TMMICHWF,tranmerc,0.304788967 ,20926631.53 ,0.0822718542249391,294.9786982 ,1  
TMMISOCF,tranmerc,0.30480061 ,20925832.16 ,0.0822718542249391,294.9786982 ,1 
TMMISOCF83,tranmerc,0.30480061 ,20925391.87 ,0.0818191910429546,298.2572221 ,1 
TMMISOEF,tranmerc,0.30480061 ,20925832.16 ,0.0822718542249391,294.9786982 ,1  
TMMISOEF83,tranmerc,0.30480061 ,20925391.87 ,0.0818191910429546,298.2572221 ,1
TMMISOWF,tranmerc,0.30480061 ,20925832.16 ,0.0822718542249391,294.9786982 ,1  
TMMISOWF83,tranmerc,0.30480061 ,20925391.87 ,0.0818191910429546,298.2572221 ,1
TMMISSEF,tranmerc,0.30480061 ,20925832.16 ,0.0822718542249391,294.9786982 ,1
TMMISSEF83,tranmerc,0.30480061 ,20925391.87 ,0.0818191910429546,298.2572221 ,1
TMMISSEM,tranmerc,1.0 ,6378137.0 ,0.0818191910429526,298.2572221 ,1  
TMMISSWF,tranmerc,0.30480061 ,20925832.16 ,0.0822718542249391,294.9786982 ,1  
TMMISSWF83,tranmerc,0.30480061 ,20925391.87 ,0.0818191910429546,298.2572221 ,1
TMMISSWM,tranmerc,1.0 ,6378137.0 ,0.0818191910429526,298.2572221 ,1  
TMMON087,tranmerc,1.0 ,6378245.0 ,0.0818133340169312,298.3 ,1  
TMMON093,tranmerc,1.0 ,6378245.0 ,0.0818133340169312,298.3 ,1  
TMMON099,tranmerc,1.0 ,6378245.0 ,0.0818133340169312,298.3 ,1  
TMMON105,tranmerc,1.0 ,6378245.0 ,0.0818133340169312,298.3 ,1  
TMMON111,tranmerc,1.0 ,6378245.0 ,0.0818133340169312,298.3 ,1  
TMMON117,tranmerc,1.0 ,6378245.0 ,0.0818133340169312,298.3 ,1  
TMMRD ,tranmerc, 1.0, 6378160.0 ,0.0818201799960599,298.25, 1
TMNEVACF,tranmerc,0.30480061 ,20925832.16 ,0.0822718542249391,294.9786982 ,1
TMNEVACF83,tranmerc,0.30480061 ,20925391.87 ,0.0818191910429546,298.2572221 ,1  
TMNEVACM,tranmerc,1.0 ,6378137.0 ,0.0818191910429526,298.2572221 ,1  
TMNEVAEF,tranmerc,0.30480061 ,20925832.16 ,0.0822718542249391,294.9786982 ,1  
TMNEVAEF83,tranmerc,0.30480061 ,20925391.87 ,0.0818191910429546,298.2572221 ,1
TMNEVAEM,tranmerc,1.0 ,6378137.0 ,0.0818191910429526,298.2572221 ,1  
TMNEVAWF,tranmerc,0.30480061 ,20925832.16 ,0.0822718542249391,294.9786982 ,1  
TMNEVAWF83,tranmerc,0.30480061 ,20925391.87 ,0.0818191910429546,298.2572221 ,1
TMNEVAWM,tranmerc,1.0 ,6378137.0 ,0.0818191910429526,298.2572221 ,1  
TMNEWHFT,tranmerc,0.30480061 ,20925832.16 ,0.0822718542249391,294.9786982 ,1 
TMNEWHFT83,tranmerc,0.30480061 ,20925391.87 ,0.0818191910429546,298.2572221 ,1 
TMNEWJFT,tranmerc,0.30480061 ,20925832.16 ,0.0822718542249391,294.9786982 ,1 
TMNEWJFT83,tranmerc,0.30480061 ,20925391.87 ,0.0818191910429546,298.2572221 ,1 
TMNEWMCF,tranmerc,0.30480061 ,20925832.16 ,0.0822718542249391,294.9786982 ,1
TMNEWMCF83,tranmerc,0.30480061 ,20925391.87 ,0.0818191910429546,298.2572221 ,1  
TMNEWMEF,tranmerc,0.30480061 ,20925832.16 ,0.0822718542249391,294.9786982 ,1 
TMNEWMEF83,tranmerc,0.30480061 ,20925391.87 ,0.0818191910429546,298.2572221 ,1 
TMNEWMEM,tranmerc,1.0 ,6378137.0 ,0.0818191910429526,298.2572221 ,1  
TMNEWMWF,tranmerc,0.30480061 ,20925832.16 ,0.0822718542249391,294.9786982 ,1  
TMNEWMWF83,tranmerc,0.30480061 ,20925391.87 ,0.0818191910429546,298.2572221 ,1
TMNEWYCF,tranmerc,0.30480061 ,20925832.16 ,0.0822718542249391,294.9786982 ,1  
TMNEWYCF83,tranmerc,0.30480061 ,20925391.87 ,0.0818191910429546,298.2572221 ,1
TMNEWYEF,tranmerc,0.30480061 ,20925832.16 ,0.0822718542249391,294.9786982 ,1  
TMNEWYEF83,tranmerc,0.30480061 ,20925391.87 ,0.0818191910429546,298.2572221 ,1
TMNEWYWF,tranmerc,0.30480061 ,20925832.16 ,0.0822718542249391,294.9786982 ,1  
TMNEWYWF83,tranmerc,0.30480061 ,20925391.87 ,0.0818191910429546,298.2572221 ,1
TMNIGE ,tranmerc,1.0 ,6378249.145 ,0.0824834000441851,293.465 ,1  
TMNIGM ,tranmerc,1.0 ,6378249.145 ,0.0824834000441851,293.465 ,1  
TMNIGW ,tranmerc,1.0 ,6378249.145 ,0.0824834000441851,293.465 ,1  
TMNORAND ,tranmerc, 1.0, 6378206.4 ,0.0822718542249391,294.9786982 ,1
TMNSEA ,tranmerc,1.0 ,6378388.0 ,0.0819918899790298,297.0 ,1  
TMNYEMEN,tranmerc,1.0 ,6378135.0 ,0.0818188106627489,298.26 ,1  
TMNZNI ,tranmerc,0.914398415 ,6975502.032 ,0.0819918899790298,297.0 ,1  
TMNZSI ,tranmerc,0.914398415 ,6975502.032 ,0.0819918899790298,297.0 ,1  
TMOGADEN,tranmerc,1.0 ,6378135.0 ,0.0818188106627489,298.26 ,1  
TMOMAN ,tranmerc,1.0 ,6378249.145 ,0.0824834000441851,293.465 ,1  
TMOSGB ,tranmerc,1.0 ,6377563.396 ,0.0816733738741419,299.3249646 ,1  
TMOSIRL ,tranmerc,1.0 ,6377340.189 ,0.0816733738741419,299.3249646 ,1  
TMPARAG1,tranmerc,1.0 ,6378388.0 ,0.0819918899790298,297.0 ,1  
TMPARAG2,tranmerc,1.0 ,6378388.0 ,0.0819918899790298,297.0 ,1  
TMPARAG3,tranmerc,1.0 ,6378388.0 ,0.0819918899790298,297.0 ,1  
TMPARAG4,tranmerc,1.0 ,6378388.0 ,0.0819918899790298,297.0 ,1  
TMPERUBE,tranmerc,1.0 ,6378388.0 ,0.0819918899790298,297.0 ,1  
TMPERUC ,tranmerc,1.0 ,6378388.0 ,0.0819918899790298,297.0 ,1  
TMPERUE ,tranmerc,1.0 ,6378388.0 ,0.0819918899790298,297.0 ,1  
TMPERUW ,tranmerc,1.0 ,6378388.0 ,0.0819918899790298,297.0 ,1  
TMPHIL1 ,tranmerc,1.0 ,6378206.4 ,0.0822718542249391,294.9786982 ,1  
TMPHIL2 ,tranmerc,1.0 ,6378206.4 ,0.0822718542249391,294.9786982 ,1  
TMPHIL3 ,tranmerc,1.0 ,6378206.4 ,0.0822718542249391,294.9786982 ,1  
TMPHIL4 ,tranmerc,1.0 ,6378206.4 ,0.0822718542249391,294.9786982 ,1  
TMPHIL5 ,tranmerc,1.0 ,6378206.4 ,0.0822718542249391,294.9786982 ,1  
TMPHIL6 ,tranmerc,1.0 ,6378206.4 ,0.0822718542249391,294.9786982 ,1  
TMPNG55S ,tranmerc, 1.0, 378160.0 ,0.0818201799960599,298.25, 1
TMPORT ,tranmerc,1.0 ,6378388.0 ,0.0819918899790298,297.0 ,1  
TMPORTL ,tranmerc,1.0 ,6378388.0 ,0.0819918899790298,297.0 ,3 
TMQATAR ,tranmerc,1.0 ,6378388.0 ,0.0819918899790298,297.0 ,1  
TMRHODIF,tranmerc,0.30480061 ,20925832.16 ,0.0822718542249391,294.9786982 ,1
TMRHODIF83,tranmerc,0.30480061 ,20925391.87 ,0.0818191910429546,298.2572221 ,1  
TMRHODIM,tranmerc,1.0 ,6378137.0 ,0.0818191910429526,298.2572221 ,1  
TMRT90,tranmerc,1.0,6377397.155,0.0816968312225275,299.1528128,1
TMS114E ,tranmerc,1.0 ,6378135.0 ,0.0818188106627489,298.26 ,1  
TMS116E ,tranmerc,1.0 ,6378135.0 ,0.0818188106627489,298.26 ,1  
TMSAM19S ,tranmerc, 1.0, 6378388.0 ,0.0819918899790298,297.0 ,1
TMSAM20S ,tranmerc, 1.0, 6378388.0 ,0.0819918899790298,297.0 ,1
TMSAMER ,tranmerc,1.0 ,6378388.0 ,0.0819918899790298,297.0 ,1  
TMSAMERA,tranmerc,1.0 ,6378135.0 ,0.0818188106627489,298.26 ,1  
TMSHABWA,tranmerc,1.0 ,6378245.0 ,0.0818133340169312,298.3 ,1  
TMSHK167,tranmerc,1.0 ,6378388.0 ,0.0819918899790298,297.0 ,1  
TMSHLCNS,tranmerc,1.0 ,6378388.0 ,0.0819918899790298,297.0 ,1  
TMSHLHOL,tranmerc,1.0 ,6378388.0 ,0.0819918899790298,297.0 ,1  
TMSHLYEM,tranmerc,1.0 ,6378249.145 ,0.0824834000441851,293.465 ,1  
TMSUDAN ,tranmerc,1.0 ,6378249.145 ,0.0824834000441851,293.465 ,1  
TMSURNAM,tranmerc,1.0 ,6378388.0 ,0.0819918899790298,297.0 ,1  
TMSVIET ,tranmerc,1.0 ,6378245.0 ,0.0818133340169312,298.3 ,1  
TMSVNM ,tranmerc,1.0 ,6377276.345 ,0.0814729809826527,300.8017 ,1  
TMCORONA, tranmerc, 1.0, 6378160.0, 0.0818201799960599,298.25, 1
TMTIBU ,tranmerc,1.0 ,6378388.0 ,0.0819918899790298,297.0 ,1  
TMTRUCST,tranmerc,1.0 ,6378200.0 ,0.0818133340169312,298.3 ,1  
TMTUNIS ,tranmerc,1.0 ,6378249.2 ,0.0824832567625238,293.4660213 ,1  
TMTURK ,tranmerc,1.0 ,6378388.0 ,0.0819918899790298,297.0 ,1  
TMTYRRE ,tranmerc,1.0 ,6378388.0 ,0.0819918899790298,297.0 ,1  
TMTYRRW ,tranmerc,1.0 ,6378388.0 ,0.0819918899790298,297.0 ,1  
TMUNZ170,tranmerc,1.0 ,6378388.0 ,0.0819918899790298,297.0 ,1  
TMVERMTF,tranmerc,0.30480061 ,20925832.16 ,0.0822718542249391,294.9786982 ,1
TMVERMTF83,tranmerc,0.30480061 ,20925391.87 ,0.0818191910429546,298.2572221 ,1    
TMVICMAP ,tranmerc, 1.0, 6378160.0 ,0.0818201799960599,298.25, 1
TMVIETS ,tranmerc,1.0 ,6377276.345 ,0.0814729809826527,300.8017 ,1  
TMWYO1FT,tranmerc,0.30480061 ,20925832.16 ,0.0822718542249391,294.9786982 ,1  
TMWYO2FT,tranmerc,0.30480061 ,20925832.16 ,0.0822718542249391,294.9786982 ,1  
TMWYO3FT,tranmerc,0.30480061 ,20925832.16 ,0.0822718542249391,294.9786982 ,1  
TMWYO4FT,tranmerc,0.30480061 ,20925832.16 ,0.0822718542249391,294.9786982 ,1  
TMWYOECM,tranmerc,1.0 ,6378137.0 ,0.0818191910429526,298.2572221 ,1
TMWTOECF83,tranmerc,0.30480061 ,20925391.87 ,0.0818191910429546,298.2572221 ,1  
TMWYOEM ,tranmerc,1.0 ,6378137.0 ,0.0818191910429526,298.2572221 ,1  
TMWYOE83,tranmerc,0.30480061 ,20925391.87 ,0.0818191910429546,298.2572221 ,1
TMWYOWCM,tranmerc,1.0 ,6378137.0 ,0.0818191910429526,298.2572221 ,1  
TMWYOWCF83,tranmerc,0.30480061 ,20925391.87 ,0.0818191910429546,298.2572221 ,1
TMWYOWF83,tranmerc,0.30480061 ,20925391.87 ,0.0818191910429546,298.2572221 ,1
TMYEMEN ,tranmerc,1.0 ,6378388.0 ,0.0819918899790298,297.0 ,1  
TMYUG5 ,tranmerc,1.0 ,6377397.155 ,0.0816968312225275,299.1528128 ,1  
TMYUG5SF,tranmerc,1.0 ,6377397.155 ,0.0816968312225275,299.1528128 ,1  
TMYUG6 ,tranmerc,1.0 ,6377397.155 ,0.0816968312225275,299.1528128 ,1  
TMYUG6SF,tranmerc,1.0 ,6377397.155 ,0.0816968312225275,299.1528128 ,1  
TMYUG7 ,tranmerc,1.0 ,6377397.155 ,0.0816968312225275,299.1528128 ,1  
TMYUG7SF,tranmerc,1.0 ,6377397.155 ,0.0816968312225275,299.1528128 ,1  
VG120E ,grinten ,1.0 ,6371000.0 ,0.0 ,1.0 ,1  
VG120W ,grinten ,1.0 ,6371000.0 ,0.0 ,1.0 ,1  
VG150E ,grinten ,1.0 ,6371000.0 ,0.0 ,1.0 ,1  
VG150W ,grinten ,1.0 ,6371000.0 ,0.0 ,1.0 ,1  
VG180E ,grinten ,1.0 ,6371000.0 ,0.0 ,1.0 ,1  
VG30E ,grinten ,1.0 ,6371000.0 ,0.0 ,1.0 ,1  
VG30W ,grinten ,1.0 ,6371000.0 ,0.0 ,1.0 ,1  
VG60E ,grinten ,1.0 ,6371000.0 ,0.0 ,1.0 ,1  
VG60W ,grinten ,1.0 ,6371000.0 ,0.0 ,1.0 ,1  
VG90E ,grinten ,1.0 ,6371000.0 ,0.0 ,1.0 ,1  
VG90EAST,grinten ,1.0 ,6371000.0 ,0.0 ,1.0 ,1  
VG90W ,grinten ,1.0 ,6371000.0 ,0.0 ,1.0 ,1  
VG90WEST,grinten ,1.0 ,6371000.0 ,0.0 ,1.0 ,1  
VGSPHERE,grinten ,1.0 ,6371000.0 ,0.0 ,1.0 ,1  
VGWORLD ,grinten ,1.0 ,6378388.0 ,0.0819918899790298,297.0 ,1  
W3SPHERE,winktrip,1.0 ,6371000.0 ,0.0 ,1.0 ,1  
