proj_name,false_north,false_east,scale_factor,centre_merid,centre_lat,radius,eccentricity,flattening,prime_merid
MGA48 ,10000000.0 ,500000.0 ,0.9996 ,1.8325957145940461,0.0 ,6378137.0 ,0.081819191043,298.25 ,1 
MGA49 ,10000000.0 ,500000.0 ,0.9996 ,1.9373154697137059,0.0 ,6378137.0 ,0.081819191043,298.25 ,1 
MGA50 ,10000000.0 ,500000.0 ,0.9996 ,2.0420352248333656,0.0 ,6378137.0 ,0.081819191043,298.25 ,1 
MGA51 ,10000000.0 ,500000.0 ,0.9996 ,2.1467549799530254,0.0 ,6378137.0 ,0.081819191043,298.25 ,1 
MGA52 ,10000000.0 ,500000.0 ,0.9996 ,2.2514747350726852,0.0 ,6378137.0 ,0.081819191043,298.25 ,1 
MGA53 ,10000000.0 ,500000.0 ,0.9996 ,2.3561944901923449,0.0 ,6378137.0 ,0.081819191043,298.25 ,1 
MGA54 ,10000000.0 ,500000.0 ,0.9996 ,2.4609142453120047,0.0 ,6378137.0 ,0.081819191043,298.25 ,1 
MGA55 ,10000000.0 ,500000.0 ,0.9996 ,2.5656340004316645,0.0 ,6378137.0 ,0.081819191043,298.25 ,1 
MGA56 ,10000000.0 ,500000.0 ,0.9996 ,2.6703537555513243,0.0 ,6378137.0 ,0.081819191043,298.25 ,1 
MGA57 ,10000000.0 ,500000.0 ,0.9996 ,2.7750735106709841,0.0 ,6378137.0 ,0.081819191043,298.25 ,1 
MGA58 ,10000000.0 ,500000.0 ,0.9996 ,2.8797932657906438,0.0 ,6378137.0 ,0.081819191043,298.25 ,1 
NZMG ,6023150.0 ,2510000.0 ,0.99996 ,3.0194196059501902,-0.715584993317675 ,6378388.0 ,0.0819918899790298,297.0 ,1 
TM103_30,0.0 ,500000.0 ,0.9996 ,1.8064157758141311,0.0 ,6378135.0 ,0.0818188106627489,298.26 ,1  
TM16E ,0.0 ,500000.0 ,0.95 ,0.2792526803190927,0.0 ,6378249.145 ,0.0824834000441851,293.465 ,1  
TM36 ,0.0 ,500000.0 ,0.9996 ,0.6283185307179587,0.0 ,6378388.0 ,0.0819918899790298,297.0 ,1  
TM36E ,0.0 ,500000.0 ,0.9996 ,0.6283185307179587,0.0 ,6378388.0 ,0.0819918899790298,297.0 ,1  
TM42E ,0.0 ,500000.0 ,0.9996 ,0.7330382858376184,0.0 ,6378249.145 ,0.0824834000441851,293.465 ,1  
TM54E ,0.0 ,500000.0 ,0.9996 ,0.942477796076938 ,0.0 ,6378249.145 ,0.0824834000441851,293.465 ,1  
TM54WCM ,0.0 ,500000.0 ,0.9996 ,-0.942477796076938 ,0.0 ,6378388.0 ,0.0819918899790298,297.0 ,1  
TM6W ,0.0 ,500000.0 ,0.9996 ,-0.104719755119659 ,0.0 ,6378388.0 ,0.0819918899790298,297.0 ,1  
TMAFRICA,0.0 ,0.0 ,0.99 ,0.2617993877991494,0.0 ,6378249.145 ,0.0824834000441851,293.465 ,1  
TMAFT15 ,0.0 ,1640416.5 ,0.9996 ,-1.623156204354726 ,0.0 ,20925832.16 ,0.0822718542249391,294.9786982 ,1  
TMAFT16 ,0.0 ,1640416.5 ,0.9996 ,-1.518436449235066 ,0.0 ,20925832.16 ,0.0822718542249391,294.9786982 ,1  
TMAFT17 ,0.0 ,1640416.5 ,0.9996 ,-1.413716694115407 ,0.0 ,20925832.16 ,0.0822718542249391,294.9786982 ,1  
TMALABEF,0.0 ,500000.0 ,0.99996 ,-1.498074274046689 ,0.5323254218582705,20925832.16 ,0.0822718542249391,294.9786982 ,1
TMALABWF,0.0 ,500000.0 ,0.999933333 ,-1.527163095495038 ,0.5235987755982989,20925832.16 ,0.0822718542249391,294.9786982 ,1
TMALABWM,0.0 ,600000.0 ,0.9999333333 ,-1.527163095495038 ,0.5235987755982989,6378137.0 ,0.0818191910429526,298.2572221 ,1  
TMALSK2F,0.0 ,500000.0 ,0.9999 ,-2.478367537831948 ,0.942477796076938 ,20925832.16 ,0.0822718542249391,294.9786982 ,1  
TMALSK2M,0.0 ,152400.3 ,0.9999 ,-2.478367537831948 ,0.942477796076938 ,6378137.0 ,0.0818191910429526,298.2572221 ,1  
TMALSK3F,0.0 ,500000.0 ,0.9999 ,-2.548180707911721 ,0.942477796076938 ,20925832.16 ,0.0822718542249391,294.9786982 ,1
TMALSK3M,0.0 ,152400.3 ,0.9999 ,-2.548180707911721 ,0.942477796076938 ,6378137.0 ,0.0818191910429526,298.2572221 ,1  
TMALSK4F,0.0 ,500000.0 ,0.9999 ,-2.617993877991494 ,0.942477796076938 ,20925832.16 ,0.0822718542249391,294.9786982 ,1
TMALSK4M,0.0 ,152400.3 ,0.9999 ,-2.617993877991494 ,0.942477796076938 ,6378137.0 ,0.0818191910429526,298.2572221 ,1  
TMALSK5F,0.0 ,500000.0 ,0.9999 ,-2.687807048071267 ,0.942477796076938 ,20925832.16 ,0.0822718542249391,294.9786982 ,1 
TMALSK5M,0.0 ,500000.0 ,0.9999 ,-2.687807048071267 ,0.942477796076938 ,6378137.0 ,0.0818191910429526,298.2572221 ,1  
TMALSK6F,0.0 ,500000.0 ,0.9999 ,-2.75762021815104 ,0.942477796076938 ,20925832.16 ,0.0822718542249391,294.9786982 ,1
TMALSK6M,0.0 ,152400.3 ,0.9999 ,-2.75762021815104 ,0.942477796076938 ,6378137.0 ,0.0818191910429526,298.2572221 ,1  
TMALSK7F,0.0 ,700000.0 ,0.9999 ,-2.827433388230813 ,0.942477796076938 ,20925832.16 ,0.0822718542249391,294.9786982 ,1
TMALSK7F83,0.0 ,700000.0 ,0.9999 ,-2.827433388230813 ,0.942477796076938 ,20925391.87 ,0.0818191910429546,298.2572221 ,1  
TMALSK7M,0.0 ,213360.42 ,0.9999 ,-2.827433388230813 ,0.942477796076938 ,6378137.0 ,0.0818191910429526,298.2572221 ,1  
TMALSK8F,0.0 ,500000.0 ,0.9999 ,-2.897246558310587 ,0.942477796076938 ,20925832.16 ,0.0822718542249391,294.9786982 ,1
TMALSK8M,0.0 ,152400.3 ,0.9999 ,-2.897246558310587 ,0.942477796076938 ,6378137.0 ,0.0818191910429526,298.2572221 ,1  
TMALSK9F,0.0 ,600000.0 ,0.9999 ,-2.96705972839036 ,0.942477796076938 ,20925832.16 ,0.0822718542249391,294.9786982 ,1
TMALSK9M,0.0 ,182880.36 ,0.9999 ,-2.96705972839036 ,0.942477796076938 ,6378137.0 ,0.0818191910429526,298.2572221 ,1  
TMAMG48 ,10000000.0 ,500000.0 ,0.9996 ,1.8325957145940461,0.0 ,6378160.0 ,0.0818201799960599,298.25 ,1  
TMAMG49 ,10000000.0 ,500000.0 ,0.9996 ,1.9373154697137059,0.0 ,6378160.0 ,0.0818201799960599,298.25 ,1  
TMAMG50 ,10000000.0 ,500000.0 ,0.9996 ,2.0420352248333656,0.0 ,6378160.0 ,0.0818201799960599,298.25 ,1  
TMAMG51 ,10000000.0 ,500000.0 ,0.9996 ,2.1467549799530254,0.0 ,6378160.0 ,0.0818201799960599,298.25 ,1  
TMAMG52 ,10000000.0 ,500000.0 ,0.9996 ,2.2514747350726852,0.0 ,6378160.0 ,0.0818201799960599,298.25 ,1  
TMAMG53 ,10000000.0 ,500000.0 ,0.9996 ,2.3561944901923449,0.0 ,6378160.0 ,0.0818201799960599,298.25 ,1  
TMAMG54 ,10000000.0 ,500000.0 ,0.9996 ,2.4609142453120047,0.0 ,6378160.0 ,0.0818201799960599,298.25 ,1  
TMAMG55 ,10000000.0 ,500000.0 ,0.9996 ,2.5656340004316645,0.0 ,6378160.0 ,0.0818201799960599,298.25 ,1  
TMAMG56 ,10000000.0 ,500000.0 ,0.9996 ,2.6703537555513243,0.0 ,6378160.0 ,0.0818201799960599,298.25 ,1  
TMAMG57 ,10000000.0 ,500000.0 ,0.9996 ,2.7750735106709841,0.0 ,6378160.0 ,0.0818201799960599,298.25 ,1  
TMAMG58 ,10000000.0 ,500000.0 ,0.9996 ,2.8797932657906438,0.0 ,6378160.0 ,0.0818201799960599,298.25 ,1  
TMARG1 ,0.0 ,1500000.0 ,1.0 ,-1.256637061435917 ,-1.570796326794896 ,6378388.0 ,0.0819918899790298,297.0 ,1  
TMARG2 ,0.0 ,2500000.0 ,1.0 ,-1.204277183876087 ,-1.570796326794896 ,6378388.0 ,0.0819918899790298,297.0 ,1  
TMARG3 ,0.0 ,3500000.0 ,1.0 ,-1.151917306316257 ,-1.570796326794896 ,6378388.0 ,0.0819918899790298,297.0 ,1  
TMARG4 ,0.0 ,4500000.0 ,1.0 ,-1.099557428756427 ,-1.570796326794896 ,6378388.0 ,0.0819918899790298,297.0 ,1  
TMARG5 ,0.0 ,5500000.0 ,1.0 ,-1.047197551196597 ,-1.570796326794896 ,6378388.0 ,0.0819918899790298,297.0 ,1  
TMARG6 ,0.0 ,6500000.0 ,1.0 ,-0.994837673636767 ,-1.570796326794896 ,6378388.0 ,0.0819918899790298,297.0 ,1  
TMARG7 ,0.0 ,7500000.0 ,1.0 ,-0.942477796076938 ,-1.570796326794896 ,6378388.0 ,0.0819918899790298,297.0 ,1  
TMARG8 ,10000000.0 ,2500000.0 ,0.9996 ,-1.204277183876087 ,0.0 ,6378206.4 ,0.0822718542527824,294.978698 ,1  
TMARG9 ,10000000.0 ,2500000.0 ,0.9996 ,-0.994837673636767 ,0.0 ,6378206.4 ,0.0822718542527824,294.978698 ,1  
TMARG54 ,10002288.2999 ,1500000.0 ,1.0 ,-1.256637061435917 ,0.0 ,6378388.0 ,0.0819918899790298,297.0,1
TMARG57 ,10002288.2999 ,2500000.0 ,1.0 ,-1.204277183876087 ,0.0 ,6378388.0 ,0.0819918899790298,297.0,1
TMARG60 ,10002288.2999 ,3500000.0 ,1.0 ,-1.151917306316257 ,0.0 ,6378388.0 ,0.0819918899790298,297.0,1
TMARG63 ,10002288.2999 ,4500000.0 ,1.0 ,-1.099557428756427 ,0.0 ,6378388.0 ,0.0819918899790298,297.0,1
TMARG66 ,10002288.2999 ,5500000.0 ,1.0 ,-1.047197551196597 ,0.0 ,6378388.0 ,0.0819918899790298,297.0,1
TMARG69 ,10002288.2999 ,6500000.0 ,1.0 ,-0.994837673636767 ,0.0 ,6378388.0 ,0.0819918899790298,297.0,1
TMARG72 ,10002288.2999 ,7500000.0 ,1.0 ,-0.942477796076938 ,0.0 ,6378388.0 ,0.0819918899790298,297.0,1
TMARIZCF,0.0 ,500000.0 ,0.9999 ,-1.953314321772097 ,0.5410520681182422,20925832.16 ,0.0822718542249391,294.9786982 ,1 
TMARIZEF,0.0 ,500000.0 ,0.9999 ,-1.922771059862196 ,0.5410520681182422,20925832.16 ,0.0822718542249391,294.9786982 ,1  
TMARIZWF,0.0 ,500000.0 ,0.999933333 ,-1.985312024143549 ,0.5410520681182422,20925832.16 ,0.0822718542249391,294.9786982 ,1  
TMARUBA ,15000.0 ,10000.0 ,0.9996 ,-1.221607373087899 ,0.2185167826740413,6378388.0 ,0.0819918899790298,297.0 ,1  
TMAUSC ,0.0 ,0.0 ,1.0 ,0.2327105663508009,0.0 ,6377397.155 ,0.0816968312225275,299.1528128 ,1  
TMAUSE ,0.0 ,0.0 ,1.0 ,0.2850704439106308,0.0 ,6377397.155 ,0.0816968312225275,299.1528128 ,1  
TMAUSW ,0.0 ,0.0 ,1.0 ,0.180350688790971 ,0.0 ,6377397.155 ,0.0816968312225275,299.1528128 ,1  
TMAUSYD1,800000.0 ,400000.0 ,1.0 ,2.0245819323134223,-0.593411945678072 ,6975449.333 ,0.0823720922044076,294.26 ,1  
TMAUSYD2,800000.0 ,400000.0 ,1.0 ,2.1118483949131388,-0.593411945678072 ,6975449.333 ,0.0823720922044076,294.26 ,1  
TMAUSYD3,800000.0 ,400000.0 ,1.0 ,2.1991148575128553,-0.593411945678072 ,6975449.333 ,0.0823720922044076,294.26 ,1  
TMAUSYD4,800000.0 ,400000.0 ,1.0 ,2.2863813201125718,-0.593411945678072 ,6975449.333 ,0.0823720922044076,294.26 ,1  
TMAUSYD5,800000.0 ,400000.0 ,1.0 ,2.3736477827122883,-0.593411945678072 ,6975449.333 ,0.0823720922044076,294.26 ,1  
TMAUSYD6,800000.0 ,400000.0 ,1.0 ,2.4609142453120047,-0.593411945678072 ,6975449.333 ,0.0823720922044076,294.26 ,1  
TMAUSYD7,800000.0 ,400000.0 ,1.0 ,2.5481807079117212,-0.593411945678072 ,6975449.333 ,0.0823720922044076,294.26 ,1  
TMAUSYD8,800000.0 ,400000.0 ,1.0 ,2.6354471705114377,-0.593411945678072 ,6975449.333 ,0.0823720922044076,294.26 ,1  
TMBAHR ,0.0 ,500000.0 ,0.9996 ,0.8901179185171081,0.0 ,6378249.145 ,0.0824834000441851,293.465 ,1  
TMBOAG1R,0.0 ,1500000.0 ,0.9996 ,-0.060254582961241 ,0.0 ,6378388.0 ,0.0819918899790298,297.0 ,4 
TMBOAG2R,0.0 ,2520000.0 ,0.9996 ,0.0444651721584186,0.0 ,6378388.0 ,0.0819918899790298,297.0 ,4 
TMBOAGA1,0.0 ,1500000.0 ,0.9996 ,0.1570796326794897,0.0 ,6378388.0 ,0.0819918899790298,297.0 ,1  
TMBOAGA2,0.0 ,2520000.0 ,0.9996 ,0.2617993877991494,0.0 ,6378388.0 ,0.0819918899790298,297.0 ,1  
TMBOGEQ ,0.0 ,0.0 ,1.0 ,-1.292955907565323 ,0.0 ,6378388.0 ,0.0819918899790298,297.0 ,1  
TMBOH ,0.0 ,20500000.0 ,1.0 ,2.0420352248333656,0.0 ,6378245.0 ,0.0818133340169312,298.3 ,1  
TMBOL1 ,10000000.0 ,500000.0 ,0.9996 ,-1.151917306316257 ,0.0 ,6378160.0 ,0.0818201799960599,298.25 ,1  
TMBONAIR,20980.49 ,23000.0 ,1.0 ,-1.191219405338853 ,0.2125761129965779,6378388.0 ,0.0819918899790298,297.0 ,1  
TMBUCHAN,0.0 ,500000.0 ,0.9996 ,0.0523598775598299,0.0 ,6378388.0 ,0.0819918899790298,297.0 ,1  
TMBURMA ,0.0 ,500000.0 ,1.0 ,1.6755160819145564,0.0 ,6377276.345 ,0.0814729809826527,300.8017 ,1  
TMCM116 ,10000000.0 ,500000.0 ,0.9996 ,2.0245819323134223,0.0 ,6377397.155 ,0.0816968312225275,299.1528128 ,1  
TMCM126 ,0.0 ,500000.0 ,0.9996 ,2.1991148575128553,0.0 ,6377397.155 ,0.0816968312225275,299.1528128 ,1  
TMCM133E,0.0 ,500000.0 ,0.9996 ,2.3212879051524584,0.0 ,6378388.0 ,0.0819918899790298,297.0 ,1  
TMCM157E,0.0 ,500000.0 ,0.9996 ,2.7401669256310975,0.0 ,6378388.0 ,0.0819918899790298,297.0 ,1  
TMCOLB ,1000000.0 ,1000000.0 ,1.0 ,-1.292955909310652 ,0.0802685160946262,6378388.0 ,0.0819918899790298,297.0 ,1  
TMCOLE ,1000000.0 ,1000000.0 ,1.0 ,-1.188236154190992 ,0.0802685160946262,6378388.0 ,0.0819918899790298,297.0 ,1  
TMCOLEC ,1000000.0 ,1000000.0 ,1.0 ,-1.240596031750822 ,0.0802685160946262,6378388.0 ,0.0819918899790298,297.0 ,1  
TMCOLW ,1000000.0 ,1000000.0 ,1.0 ,-1.345315786870482 ,0.0802685160946262,6378388.0 ,0.0819918899790298,297.0 ,1  
TMCONGO ,10000000.0 ,500000.0 ,0.9996 ,0.1919862177193763,0.0 ,6378135.0 ,0.0818188106627489,298.26 ,1  
TMDELWRF,0.0 ,500000.0 ,0.999995 ,-1.316269144794166 ,0.6632251157578452,20925832.16 ,0.0822718542249391,294.9786982 ,1  
TMEG24P ,0.0 ,200000.0 ,1.0 ,0.6021385919380437,0.0 ,6378388.0 ,0.0819918899790298,297.0 ,1  
TMEGEPTU,0.0 ,500000.0 ,0.9996 ,0.1919862177193763,0.0 ,6378249.2 ,0.0824832567625238,293.4660213 ,1  
TMEGMFBP,0.0 ,200000.0 ,1.0 ,0.6021385919380437,0.0 ,6378200.0 ,0.0818133340169312,298.3 ,1  
TMEGSA87,0.0,500000.00,0.9996,0.418879,0.0,6378137.0,0.081819191043,298.257223 ,1 
TMEGYPTB,1100000.0 ,300000.0 ,1.0 ,0.6108652381980154,0.5235987755982989,6378200.0 ,0.0818133340169312,298.3 ,1  
TMEGYPTG,1100000.0 ,300000.0 ,1.0 ,0.6108652381980154,0.5235987755982989,6378200.0 ,0.0818133340169312,298.3 ,1  
TMEGYPTP,200000.0 ,700000.0 ,1.0 ,0.471238898038469 ,0.5235987755982989,6378200.0 ,0.0818133340169312,298.3 ,1  
TMEGYPTR,810000.0 ,615000.0 ,1.0 ,0.5410520681182422,0.5235987755982989,6378200.0 ,0.0818133340169312,298.3 ,1  
TMEGYPTS,1200000.0 ,700000.0 ,1.0 ,0.471238898038469 ,0.5235987755982989,6378200.0 ,0.0818133340169312,298.3 ,1  
TMEGYPTW,0.0 ,500000.0 ,0.9996 ,0.4886921905584123,0.0 ,6378388.0 ,0.0819918899790298,297.0 ,1  
TMETHIOP,0.0 ,500000.0 ,1.0 ,0.6981317007977318,0.0 ,6378249.145 ,0.0824834000441851,293.465 ,1  
TMFIN0,0.0, 500000,1.0,0.3141592,0.0,6378388,0.0819918899790298,297.0 ,1  
TMFIN1,0.0,1500000,1.0,0.3665191,0.0,6378388,0.0819918899790298,297.0 ,1  
TMFIN2,0.0,2500000,1.0,0.418879,0.0,6378388,0.0819918899790298,297.0 ,1  
TMFIN3,0.0,3500000,1.0,0.4712389,0.0,6378388,0.0819918899790298,297.0 ,1  
TMFIN4,0.0,4500000,1.0,0.5235987,0.0,6378388,0.0819918899790298,297.0 ,1  
TMFIN5,0.0,5500000,1.0,0.5759586,0.0,6378388,0.0819918899790298,297.0 ,1  
TMFLRAEF,0.0 ,500000.0 ,0.999941177 ,-1.413716694115407 ,0.4246967840701771,20925832.16 ,0.0822718542249391,294.9786982 ,1
TMFLRAWF,0.0 ,500000.0 ,0.999941177 ,-1.43116998663535 ,0.4246967840701771,20925832.16 ,0.0822718542249391,294.9786982 ,1 
TMGCWEG2,0.0 ,1640416.67 ,0.9996 ,-1.582140966932859 ,0.0 ,20925832.16 ,0.0822718542249391,294.9786982 ,1  
TMGEOREF,0.0 ,500000.0 ,0.9999 ,-1.434078869303783 ,0.5235987755982989,20925832.16 ,0.0822718542249391,294.9786982 ,1
TMGEORWF,0.0 ,500000.0 ,0.9999 ,-1.46898545434367 ,0.5235987755982989,20925832.16 ,0.0822718542249391,294.9786982 ,1
TMGER1 ,0.0 ,1500000.0 ,1.0 ,0.0523598775598299,0.0 ,6377397.155 ,0.0816968312225275,299.1528128 ,1  
TMGER2 ,0.0 ,2500000.0 ,1.0 ,0.1047197551196598,0.0 ,6377397.155 ,0.0816968312225275,299.1528128 ,1  
TMGER3 ,0.0 ,3500000.0 ,1.0 ,0.1570796326794897,0.0 ,6377397.155 ,0.0816968312225275,299.1528128 ,1  
TMGER4 ,0.0 ,4500000.0 ,1.0 ,0.2094395102393196,0.0 ,6377397.155 ,0.0816968312225275,299.1528128 ,1  
TMGER5 ,0.0 ,5500000.0 ,1.0 ,0.2617993877991494,0.0 ,6377397.155 ,0.0816968312225275,299.1528128 ,1  
TMGHANA ,0.0 ,274319.51 ,0.99975 ,-0.017453292519943 ,0.0814486972628492,6378249.145 ,0.0824834000441851,293.465 ,1  
TMGHANAF,0.0 ,900000.0 ,0.99975 ,-0.017453292519943 ,0.0814486990081785,20926201.0 ,0.0821300390617785,296.0 ,1  
TMGHANAY,0.0 ,300000.0 ,0.99975 ,-0.017453292519943 ,0.0814486990081785,6975400.33333 ,0.0821300390617783,296.0 ,1  
TMGK20E ,0.0 ,500000.0 ,1.0 ,2.0943951023931955,0.0 ,6378245.0 ,0.0818133340169312,298.3 ,1  
TMGKN05 ,0.0 ,500000.0 ,1.0 ,0.471238898038469 ,0.0 ,6378245.0 ,0.0818133340169312,298.3 ,1  
TMGKN06 ,0.0 ,500000.0 ,1.0 ,0.5759586531581288,0.0 ,6378245.0 ,0.0818133340169312,298.3 ,1  
TMGKN07 ,0.0 ,500000.0 ,1.0 ,0.6806784082777885,0.0 ,6378245.0 ,0.0818133340169312,298.3 ,1  
TMGKN10 ,0.0 ,500000.0 ,1.0 ,0.9948376736367679,0.0 ,6378245.0 ,0.0818133340169312,298.3 ,1  
TMGKN11 ,0.0 ,500000.0 ,1.0 ,1.0995574287564276,0.0 ,6378245.0 ,0.0818133340169312,298.3 ,1  
TMGKN12 ,0.0 ,500000.0 ,1.0 ,1.2042771838760874,0.0 ,6378245.0 ,0.0818133340169312,298.3 ,1  
TMGKN13 ,0.0 ,500000.0 ,1.0 ,1.3089969389957472,0.0 ,6378245.0 ,0.0818133340169312,298.3 ,1  
TMGKN14 ,0.0 ,500000.0 ,1.0 ,1.413716694115407 ,0.0 ,6378245.0 ,0.0818133340169312,298.3 ,1  
TMGKN15 ,0.0 ,500000.0 ,1.0 ,1.5184364492350667,0.0 ,6378245.0 ,0.0818133340169312,298.3 ,1  
TMGKN16 ,0.0 ,500000.0 ,1.0 ,1.6231562043547265,0.0 ,6378245.0 ,0.0818133340169312,298.3 ,1  
TMGKN17 ,0.0 ,500000.0 ,1.0 ,1.7278759594743863,0.0 ,6378245.0 ,0.0818133340169312,298.3 ,1  
TMGKN18 ,0.0 ,500000.0 ,1.0 ,1.8325957145940461,0.0 ,6378245.0 ,0.0818133340169312,298.3 ,1  
TMGKN19 ,0.0 ,500000.0 ,1.0 ,1.9373154697137059,0.0 ,6378245.0 ,0.0818133340169312,298.3 ,1  
TMGKN20 ,0.0 ,500000.0 ,1.0 ,2.0420352248333656,0.0 ,6378245.0 ,0.0818133340169312,298.3 ,1  
TMGKN20W,0.0 ,500000.0 ,1.0 ,2.0420352248333656,0.0 ,6378135.0 ,0.0818188106627489,298.26 ,1  
TMGKN21 ,0.0 ,500000.0 ,1.0 ,2.1467549799530254,0.0 ,6378245.0 ,0.0818133340169312,298.3 ,1  
TMGKN21W,0.0 ,500000.0 ,1.0 ,2.1467549799530254,0.0 ,6378135.0 ,0.0818188106627489,298.26 ,1  
TMGKN22 ,0.0 ,500000.0 ,1.0 ,2.2514747350726852,0.0 ,6378245.0 ,0.0818133340169312,298.3 ,1  
TMGKN23 ,0.0 ,500000.0 ,1.0 ,2.3561944901923449,0.0 ,6378245.0 ,0.0818133340169312,298.3 ,1  
TMGKN8 ,0.0 ,500000.0 ,1.0 ,0.7853981633974483,0.0 ,6378245.0 ,0.0818133340169312,298.3 ,1  
TMGKN9 ,0.0 ,500000.0 ,1.0 ,0.8901179185171081,0.0 ,6378245.0 ,0.0818133340169312,298.3 ,1  
TMHAWI1F,0.0 ,500000.0 ,0.999966667 ,-2.713986986851182 ,0.328703675210489 ,20925832.16 ,0.0822718542249391,294.9786982 ,1
TMHAWI2F,0.0 ,500000.0 ,0.999966667 ,-2.73434916029423 ,0.3548836139904039,20925832.16 ,0.0822718542249391,294.9786982 ,1  
TMHAWI3F,0.0 ,500000.0 ,1. ,-2.75762021815104 ,0.3694280238419136,20925832.16 ,0.0822718542249391,294.9786982 ,1 
TMHAWI4F,0.0 ,500000.0 ,1. ,-2.783800156930955 ,0.3810635527703189,20925832.16 ,0.0822718542249391,294.9786982 ,1  
TMHAWI5F,0.0 ,500000.0 ,1.0 ,-2.795435685859361 ,0.3781546718472145,20925832.16 ,0.0822718542249391,294.9786982 ,1  
TMHNT170,500000.0 ,500000.0 ,1.0 ,2.9670597283903603,-0.767944870877505 ,6975502.032 ,0.0819918899790298,297.0 ,1  
TMI,626907.390,219529.584,1.0000067,0.6144344,0.5529969,6378137,0.081819191043,298.2572222 ,1 
TMIDACFT,0.0 ,500000.0 ,0.999947368 ,-1.989675347273535 ,0.7272205222460804,20925832.16 ,0.0822718542249391,294.9786982 ,1  
TMIDAEFT,0.0 ,500000.0 ,0.999947368 ,-1.957677644902082 ,0.7272205222460804,20925832.16 ,0.0822718542249391,294.9786982 ,1
TMIDAWFT,0.0 ,500000.0 ,0.999933333 ,-2.020218609183436 ,0.7272205222460804,20925832.16 ,0.0822718542249391,294.9786982 ,1  
TMILLEFT,0.0 ,500000.0 ,0.999975 ,-1.541707505346548 ,0.6399540596463639,20925832.16 ,0.0822718542249391,294.9786982 ,1  
TMILLWFT,0.0 ,500000.0 ,0.999941177 ,-1.57370520946333 ,0.6399540596463639,20925832.16 ,0.0822718542249391,294.9786982 ,1  
TMIND114,0.0 ,500000.0 ,0.9996 ,1.9896753472735357,0.0 ,6378135.0 ,0.0818188106627489,298.26 ,1  
TMINDEFT,0.0 ,500000.0 ,0.999966667 ,-1.495165393123585 ,0.6544984694978736,20925832.16 ,0.0822718542249391,294.9786982 ,1  
TMINDWFT,0.0 ,500000.0 ,0.999966667 ,-1.519890889696618 ,0.6544984694978736,20925832.16 ,0.0822718542249391,294.9786982 ,1  
TMIRAQ ,0.0 ,800000.0 ,0.9994 ,0.8115781021773633,0.5066039514022572,6378249.145 ,0.0824834000441851,293.465 ,1  
TMIRAQC ,0.0 ,500000.0 ,0.9996 ,0.7504915783575617,0.0 ,6378249.145 ,0.0819278876647748,297.465 ,1  
TMISG541,5000000.0, 300000.0, 0.99994, 2.426007660272118, 0.0, 6378160.0 ,0.0818201799960599,298.25, 1
TMISG542,5000000.0, 300000.0, 0.99994, 2.460914245312005, 0.0, 6378160.0 ,0.0818201799960599,298.25, 1
TMISG543,5000000.0, 300000.0, 0.99994, 2.495820830351891, 0.0, 6378160.0 ,0.0818201799960599,298.25, 1
TMISG551,5000000.0, 300000.0, 0.99994, 2.530727415391778, 0.0, 6378160.0 ,0.0818201799960599,298.25, 1
TMISG552,5000000.0, 300000.0, 0.99994, 2.565634000431665, 0.0, 6378160.0 ,0.0818201799960599,298.25, 1
TMISG553,5000000.0, 300000.0, 0.99994, 2.600540585471551, 0.0, 6378160.0 ,0.0818201799960599,298.25, 1
TMISG561,5000000.0, 300000.0, 0.99994, 2.635447170511438, 0.0, 6378160.0 ,0.0818201799960599,298.25, 1
TMISG562,5000000.0, 300000.0, 0.99994, 2.670353755551324, 0.0, 6378160.0 ,0.0818201799960599,298.25, 1
TMISG563,5000000.0, 300000.0, 0.99994, 2.705260340591211, 0.0, 6378160.0 ,0.0818201799960599,298.25, 1
TMJORDAN,126867.91 ,170251.56 ,1.0 ,0.6145667429476204,0.5538644760519257,6378300.79 ,0.0824832078984994,293.4663696 ,1  
TMKOREA ,0.0 ,500000.0 ,0.9996 ,2.2165681500327986,0.0 ,6377397.155 ,0.0816968312225275,299.1528128 ,1  
TMMAINEF,0.0 ,500000.0 ,0.9999 ,-1.195550537616115 ,0.7650359882090714,20925832.16 ,0.0822718542249391,294.9786982 ,1  
TMMAINWF,0.0 ,500000.0 ,0.999966667 ,-1.224639359064464 ,0.7475826956891281,20925832.16 ,0.0822718542249391,294.9786982 ,1  
TMMCBO4 ,0.0 ,0.0 ,1.0 ,-1.249745770256087 ,0.1857887141158356,6378388.0 ,0.0819918899790298,297.0 ,1  
TMMICHCF,0.0 ,500000.0 ,0.999909091 ,-1.496619833585137 ,0.7243116395776468,20926631.53 ,0.0822718542249391,294.9786982 ,1  
TMMICHEF,0.0 ,500000.0 ,0.999942857 ,-1.460258808083698 ,0.7243116395776468,20926631.53 ,0.0822718542249391,294.9786982 ,1  
TMMICHWF,0.0 ,500000.0 ,0.999909091 ,-1.548979711144967 ,0.7243116395776468,20926631.53 ,0.0822718542249391,294.9786982 ,1  
TMMISOCF,0.0 ,500000.0 ,0.999933333 ,-1.614429558094754 ,0.625409648049525 ,20925832.16 ,0.0822718542249391,294.9786982 ,1
TMMISOEF,0.0 ,500000.0 ,0.999933333 ,1.5795229730548683,0.625409648049525 ,20925832.16 ,0.0822718542249391,294.9786982 ,1
TMMISOWF,0.0 ,500000.0 ,0.999941177 ,-1.649336143134641 ,0.6312274133863923,20925832.16 ,0.0822718542249391,294.9786982 ,1  
TMMISSEF,0.0 ,500000.0 ,0.99996 ,-1.550434151606519 ,0.5177810120067609,20925832.16 ,0.0822718542249391,294.9786982 ,1  
TMMISSEM,0.0 ,300000.0 ,0.99995 ,-1.550434151606519 ,0.5148721293383272,6378137.0 ,0.0818191910429526,298.2572221 ,1  
TMMISSWF,0.0 ,500000.0 ,0.999941177 ,-1.576614090386434 ,0.5323254218582705,20925832.16 ,0.0822718542249391,294.9786982 ,1  
TMMISSWM,0.0 ,700000.0 ,0.99995 ,-1.576614090386434 ,0.5148721293383272,6378137.0 ,0.0818191910429526,298.2572221 ,1  
TMMON087,0.0 ,15500000.0 ,1.0 ,1.5184364492350667,0.0 ,6378245.0 ,0.0818133340169312,298.3 ,1  
TMMON093,0.0 ,16500000.0 ,1.0 ,1.6231562043547265,0.0 ,6378245.0 ,0.0818133340169312,298.3 ,1  
TMMON099,0.0 ,17500000.0 ,1.0 ,1.7278759594743863,0.0 ,6378245.0 ,0.0818133340169312,298.3 ,1  
TMMON105,0.0 ,18500000.0 ,1.0 ,1.8325957145940461,0.0 ,6378245.0 ,0.0818133340169312,298.3 ,1  
TMMON111,0.0 ,19500000.0 ,1.0 ,1.9373154697137059,0.0 ,6378245.0 ,0.0818133340169312,298.3 ,1  
TMMON117,0.0 ,20500000.0 ,1.0 ,2.0420352248333656,0.0 ,6378245.0 ,0.0818133340169312,298.3 ,1  
TMMRD , 0.0, 0.0, 1.0, 0.0, 0.0, 6378160.0 ,0.0818201799960599,298.25, 1
TMNEVACF,0.0 ,500000.0 ,0.9999 ,-2.036217461241827 ,0.6065019150680295,20925832.16 ,0.0822718542249391,294.9786982 ,1  
TMNEVACM,6000000.0 ,500000.0 ,0.9999 ,-2.036217461241827 ,0.6065019150680295,6378137.0 ,0.0818191910429526,298.2572221 ,1  
TMNEVAEF,0.0 ,500000.0 ,0.9999 ,-2.017309726515002 ,0.6065019150680295,20925832.16 ,0.0822718542249391,294.9786982 ,1  
TMNEVAEM,8000000.0 ,200000.0 ,0.9999 ,-2.017309726515002 ,0.6065019150680295,6378137.0 ,0.0818191910429526,298.2572221 ,1  
TMNEVAWF,0.0 ,500000.0 ,0.9999 ,-2.069669604074832 ,0.6065019150680295,20925832.16 ,0.0822718542249391,294.9786982 ,1  
TMNEVAWM,4000000.0 ,800000.0 ,0.9999 ,-2.069669604074832 ,0.6065019150680295,6378137.0 ,0.0818191910429526,298.2572221 ,1  
TMNEWHFT,0.0 ,500000.0 ,0.999966667 ,-1.250819297844379 ,0.7417649320975901,20925832.16 ,0.0822718542249391,294.9786982 ,1 
TMNEWJFT,0.0 ,2000000.0 ,0.999975 ,-1.303179175404209 ,0.6777695256093549,20925832.16 ,0.0822718542249391,294.9786982 ,1 
TMNEWMCF,0.0 ,500000.0 ,0.9999 ,-1.854412330243975 ,0.5410520681182422,20925832.16 ,0.0822718542249391,294.9786982 ,1
TMNEWMEF,0.0 ,500000.0 ,0.999909091 ,-1.82096018566564 ,0.5410520681182422,20925832.16 ,0.0822718542249391,294.9786982 ,1 
TMNEWMEM,0.0 ,165000.0 ,0.999909091 ,-1.82096018566564 ,0.5410520681182422,6378137.0 ,0.0818191910429526,298.2572221 ,1  
TMNEWMWF,0.0 ,500000.0 ,0.999916667 ,-1.882046709485442 ,0.5410520681182422,20925832.16 ,0.0822718542249391,294.9786982 ,1
TMNEWYCF,0.0 ,500000.0 ,0.9999375 ,-1.336631318237214 ,0.6981317007977318,20925832.16 ,0.0822718542249391,294.9786982 ,1  
TMNEWYEF,0.0 ,500000.0 ,0.999966667 ,1.2973614100673419,0.6981317007977318,20925832.16 ,0.0822718542249391,294.9786982 ,1  
TMNEWYWF,0.0 ,500000.0 ,0.9999375 ,-1.3715379032771 ,0.6981317007977318,20925832.16 ,0.0822718542249391,294.9786982 ,1  
TMNIGE ,0.0 ,1110369.7 ,0.99975 ,0.2181661564992912,0.0698131700797732,6378249.145 ,0.0824834000441851,293.465 ,1  
TMNIGM ,0.0 ,670553.98 ,0.99975 ,0.148352986419518 ,0.0698131700797732,6378249.145 ,0.0824834000441851,293.465 ,1  
TMNIGW ,0.0 ,230738.26 ,0.99975 ,0.0785398163397448,0.0698131700797732,6378249.145 ,0.0824834000441851,293.465 ,1  
TMNORAND, 0.0, 304800.0, 0.999861, -1.387536755335492, 0.0, 6378206.4 ,0.0822718542249391,294.9786982 ,195
TMNSEA ,0.0 ,500000.0 ,0.9996 ,0.0 ,0.0 ,6378388.0 ,0.0819918899790298,297.0 ,1  
TMNYEMEN,0.0 ,500000.0 ,0.9996 ,0.7330382858376184,0.0 ,6378135.0 ,0.0818188106627489,298.26 ,1  
TMNZNI ,400000.0 ,300000.0 ,1.0 ,3.0630528372500485,-0.680678408277788 ,6975502.032 ,0.0819918899790298,297.0 ,1  
TMNZSI ,500000.0 ,500000.0 ,1.0 ,2.9932396671702752,-0.767944870877505 ,6975502.032 ,0.0819918899790298,297.0 ,1  
TMOGADEN,0.0 ,500000.0 ,0.9996 ,0.7504915783575617,0.0 ,6378135.0 ,0.0818188106627489,298.26 ,1  
TMOMAN ,0.0 ,500000.0 ,0.9996 ,0.942477796076938 ,0.0 ,6378249.145 ,0.0824834000441851,293.465 ,1  
TMOSGB ,-100000.0 ,400000.0 ,0.999601272 ,-0.034906585039886 ,0.8552113334772215,6377563.396 ,0.0816733738741419,299.3249646 ,1  
TMOSIRL ,250000.0 ,200000.0 ,1.000035 ,-0.139626340159546 ,0.9337511498169663,6377340.189 ,0.0816733738741419,299.3249646 ,1  
TMPARAG1,10002288.3 ,4500000.0 ,1.0 ,-1.099557428756427 ,0.0 ,6378388.0 ,0.0819918899790298,297.0 ,1  
TMPARAG2,10002288.3 ,5500000.0 ,1.0 ,-1.047197551196597 ,0.0 ,6378388.0 ,0.0819918899790298,297.0 ,1  
TMPARAG3,10002288.3 ,6500000.0 ,1.0 ,-0.994837673636767 ,0.0 ,6378388.0 ,0.0819918899790298,297.0 ,1  
TMPARAG4,10002288.3 ,7500000.0 ,1.0 ,-0.942477796076938 ,0.0 ,6378388.0 ,0.0819918899790298,297.0 ,1  
TMPERUBE,0.0 ,0.0 ,0.9996 ,-1.419563061908055 ,-0.081521419896792 ,6378388.0 ,0.0819918899790298,297.0 ,1  
TMPERUC ,1039979.16 ,720000.0 ,0.99933 ,-1.32645023151569 ,-0.165806278939461 ,6378388.0 ,0.0819918899790298,297.0 ,1  
TMPERUE ,1040084.56 ,1324000.0 ,0.9995299 ,-1.230457122656002 ,-0.165806278939461 ,6378388.0 ,0.0819918899790298,297.0 ,1  
TMPERUW ,1426834.74 ,222000.0 ,0.9998301 ,-1.404990047855435 ,-0.104719755119659 ,6378388.0 ,0.0819918899790298,297.0 ,1  
TMPHIL1 ,0.0 ,500000.0 ,0.99995 ,2.0420352248333656,0.0 ,6378206.4 ,0.0822718542249391,294.9786982 ,1  
TMPHIL2 ,0.0 ,500000.0 ,0.99995 ,2.0769418098732522,0.0 ,6378206.4 ,0.0822718542249391,294.9786982 ,1  
TMPHIL3 ,0.0 ,500000.0 ,0.99995 ,2.1118483949131388,0.0 ,6378206.4 ,0.0822718542249391,294.9786982 ,1  
TMPHIL4 ,0.0 ,500000.0 ,0.99995 ,2.1467549799530254,0.0 ,6378206.4 ,0.0822718542249391,294.9786982 ,1  
TMPHIL5 ,0.0 ,500000.0 ,0.99995 ,2.181661564992912 ,0.0 ,6378206.4 ,0.0822718542249391,294.9786982 ,1  
TMPHIL6 ,0.0 ,500000.0 ,0.99995 ,2.2165681500327986,0.0 ,6378206.4 ,0.0822718542249391,294.9786982 ,1
TMPNG55S , 10000000.0, 500000.0, 0.9996, 2.565634000431665, 0.0, 6378160.0 ,0.0818201799960599,298.25, 1
TMPNG55S , 10000000.0, 500000.0, 0.9996, 2.565634000431665, 0.0, 6378160.0 ,0.0818201799960599,298.25, 1
TMPORT ,300000.0 ,200000.0 ,1.0 ,-0.141928265381977 ,0.6923139372061938,6378388.0 ,0.0819918899790298,297.0 ,1  
TMPORTL ,300000.0 ,200000.0 ,1.0 ,0.0174532925199433,0.6923139372061938,6378388.0 ,0.0819918899790298,297.0 ,3 
TMQATAR ,300000.0 ,200000.0 ,1. ,0.8938994640662096,0.4267330021126136,6378388.0 ,0.0819918899790298,297.0 ,1  
TMRHODIF,0.0 ,500000.0 ,0.9999938 ,-1.247910415175945 ,0.7170394337792273,20925832.16 ,0.0822718542249391,294.9786982 ,1
TMRHODIM,0.0 ,100000.0 ,0.99999375 ,-1.247910415175945 ,0.7170394337792273,6378137.0 ,0.0818191910429526,298.2572221 ,1  
TMRT90,0.0,1500000.0,1.0,0.2759065,0.0,6377397.155, 0.0816968312225275,299.1528128,1
TMS114E ,10000000.0 ,500000.0 ,0.9996 ,1.9896753472735357,0.0 ,6378135.0 ,0.0818188106627489,298.26 ,1  
TMS116E ,10000000.0 ,500000.0 ,0.9996 ,2.0245819323134223,0.0 ,6378135.0 ,0.0818188106627489,298.26 ,1  
TMSAM19S , 10000000.0, 500000.0, 1.0, -1.204277184, 0.0, 6378388.0 ,0.0819918899790298,297.0 ,1
TMSAM20S , 0.0, 0.0, 1.0, -1.047197551, -0.3490658502,6378388.0 ,0.0819918899790298,297.0 ,1
TMSAMER ,0.0 ,0.0 ,0.99 ,-1.047197551196597 ,0.0 ,6378388.0 ,0.0819918899790298,297.0 ,1  
TMSAMERA,0.0 ,0.0 ,0.9996 ,-0.942477796076938 ,0.0 ,6378135.0 ,0.0818188106627489,298.26 ,1  
TMSHABWA,0.0 ,8500000.0 ,1.0 ,0.7853981633974483,0.0 ,6378245.0 ,0.0818133340169312,298.3 ,1  
TMSHK167,10000000.0 ,500000.0 ,1.0 ,2.9146998508305304,0.0 ,6378388.0 ,0.0819918899790298,297.0 ,1  
TMSHLCNS,0.0 ,500000.0 ,0.9996 ,0.0 ,0.0 ,6378388.0 ,0.0819918899790298,297.0 ,1  
TMSHLHOL,0.0 ,500000.0 ,0.9996 ,0.0872664625997165,0.0 ,6378388.0 ,0.0819918899790298,297.0 ,1  
TMSHLYEM,0.0 ,500000.0 ,0.9996 ,0.7330382858376184,0.0 ,6378249.145 ,0.0824834000441851,293.465 ,1  
TMSUDAN ,0.0 ,500000.0 ,1.0 ,0.5235987755982989,0.0 ,6378249.145 ,0.0824834000441851,293.465 ,1  
TMSURNAM,0.0 ,500000.0 ,0.9996 ,-0.942477796076938 ,0.0 ,6378388.0 ,0.0819918899790298,297.0 ,1  
TMSVIET ,0.0 ,500000.0 ,0.9996 ,1.8500490071139894,0.0 ,6378245.0 ,0.0818133340169312,298.3 ,1  
TMSVNM ,0.0 ,500000.0 ,0.9996 ,1.8500490071139894,0.0 ,6377276.345 ,0.0814729809826527,300.8017 ,1  
TMTIBU ,500000.0 ,500000.0 ,1.0 ,-1.264013496551936 ,0.1463414979472531,6378388.0 ,0.0819918899790298,297.0 ,1  
TMTRUCST,0.0 ,1200000.0 ,1.0 ,0.9599310885968813,0.0 ,6378200.0 ,0.0818133340169312,298.3 ,1  
TMCORONA, 0.0, 0.0, 1.0, -2.050317560686, 0.5893010325493, 0, 0, 0, 0
TMTUNIS ,0.0 ,500000.0 ,0.9996 ,0.1919862177193763,0.0 ,6378249.2 ,0.0824832567625238,293.4660213 ,1  
TMTURK ,0.0 ,500000.0 ,1.0 ,0.5759586531581288,0.0 ,6378388.0 ,0.0819918899790298,297.0 ,1  
TMTYRRE ,0.0 ,500000.0 ,0.9996 ,0.2443460952792061,0.0 ,6378388.0 ,0.0819918899790298,297.0 ,1  
TMTYRRW ,0.0 ,500000.0 ,0.9996 ,0.1919862177193763,0.0 ,6378388.0 ,0.0819918899790298,297.0 ,1  
TMUNZ170,10000000.0 ,500000.0 ,0.9996 ,2.9670597283903603,0.0 ,6378388.0 ,0.0819918899790298,297.0 ,1  
TMVERMTF,0.0 ,500000.0 ,0.999964286 ,-1.265363707695889 ,0.7417649320975901,20925832.16 ,0.0822718542249391,294.9786982 ,1  
TMVICMAP , 10000000.0, 500000.0, 0.99960, 2.530727415391778, 0.0,6378160.0 ,0.0818201799960599,298.25, 1
TMVIETS ,0.0 ,500000.0 ,0.9996 ,1.8500490071139894,0.0 ,6377276.345 ,0.0814729809826527,300.8017 ,1  
TMWYO1FT,0.0 ,500000.0 ,0.999941177 ,-1.835504597262479 ,0.7097672297261371,20925832.16 ,0.0822718542249391,294.9786982 ,1  
TMWYO2FT,0.0 ,500000.0 ,0.999941177 ,-1.87332006322547 ,0.7097672297261371,20925832.16 ,0.0822718542249391,294.9786982 ,1  
TMWYO3FT,0.0 ,500000.0 ,0.999941177 ,-1.898045561543833 ,0.7097672297261371,20925832.16 ,0.0822718542249391,294.9786982 ,1  
TMWYO4FT,0.0 ,500000.0 ,0.999941177 ,-1.921316617655314 ,0.7097672297261371,20925832.16 ,0.0822718542249391,294.9786982 ,1
TMWYOECM,100000.0 ,400000.0 ,0.9999375 ,-1.87332006322547 ,0.7068583470577035,6378137.0 ,0.0818191910429526,298.2572221 ,1
TMWYOEM ,0.0 ,200000.0 ,0.9999375 ,-1.835504597262479 ,0.7068583470577035,6378137.0 ,0.0818191910429526,298.2572221 ,1
TMWYOWCM,0.0 ,600000.0 ,0.9999375 ,-1.898045561543833 ,0.7068583470577035,6378137.0 ,0.0818191910429526,298.2572221 ,1
TMYEMEN ,0.0 ,500000.0 ,0.9996 ,0.7330382858376184,0.0 ,6378388.0 ,0.0819918899790298,297.0 ,1  
TMYUG5 ,0.0 ,5500000.0 ,1.0 ,0.2617993877991494,0.0 ,6377397.155 ,0.0816968312225275,299.1528128 ,1  
TMYUG5SF,0.0 ,5500000.0 ,0.9999 ,0.2617993877991494,0.0 ,6377397.155 ,0.0816968312225275,299.1528128 ,1  
TMYUG6 ,0.0 ,6500000.0 ,1.0 ,0.3141592653589793,0.0 ,6377397.155 ,0.0816968312225275,299.1528128 ,1  
TMYUG6SF,0.0 ,6500000.0 ,0.9999 ,0.3141592653589793,0.0 ,6377397.155 ,0.0816968312225275,299.1528128 ,1  
TMYUG7 ,0.0 ,7500000.0 ,1.0 ,0.3665191429188092,0.0 ,6377397.155 ,0.0816968312225275,299.1528128 ,1  
TMYUG7SF,0.0 ,7500000.0 ,0.9999 ,0.3665191429188092,0.0 ,6377397.155 ,0.0816968312225275,299.1528128 ,1  
TMALABEF83,0,656166.6665,0.99996,-1.498074274,0.532325422,20925391.87,0.081819191,298.2572221,1
TMALABWF83,0,1968500,0.999933333,-1.527163095,0.523598776,20925391.87,0.081819191,298.2572221,1
TMALSK2F83,0,1640416.666,0.9999,-2.478367538,0.942477796,20925391.87,0.081819191,298.2572221,1
TMALSK3F83,0,1640416.666,0.9999,-2.548180708,0.942477796,20925391.87,0.081819191,298.2572221,1
TMALSK4F83,0,1640416.666,0.9999,-2.617993878,0.942477796,20925391.87,0.081819191,298.2572221,1
TMALSK5F83,0,1640416.666,0.9999,-2.687807048,0.942477796,20925391.87,0.081819191,298.2572221,1
TMALSK6F83,0,1640416.666,0.9999,-2.757620218,0.942477796,20925391.87,0.081819191,298.2572221,1
TMALSK8F83,0,1640416.666,0.9999,-2.897246558,0.942477796,20925391.87,0.081819191,298.2572221,1
TMALSK9F83,0,1968500,0.9999,-2.967059728,0.942477796,20925391.87,0.081819191,298.2572221,1
TMARIZCF83,0,699998.5999,0.9999,-1.953314322,0.541052068,20925391.87,0.081819191,298.2572221,1
TMARIZEF83,0,699998.5999,0.9999,-1.953314322,0.541052068,20925391.87,0.081819191,298.2572221,1
TMARIZWF83,0,699998.5999,0.9999,-1.953314322,0.541052068,20925391.87,0.081819191,298.2572221,1
TMDELWRF83,0,656166.6665,0.999995,-1.316269145,0.663225116,20925391.87,0.081819191,298.2572221,1
TMFLRAEF83,0,656166.6665,0.999941177,-1.413716694,0.424696784,20925391.87,0.081819191,298.2572221,1
TMFLRAWF83,0,656166.6665,0.999941177,-1.431169987,0.424696784070177120925391.87 ,0.081819191,298.2572221,1,,
TMGEOREF83,0,656166.6665,0.9999,-1.434078869,0.523598776,20925391.87,0.081819191,298.2572221,1,
TMGEORWF83,0,2296583.333,0.9999,-1.468985454,0.523598776,20925391.87,0.081819191,298.2572221,1,
TMHAWI1F83,0,1640416.666,0.999966667,-2.713986987,0.328703675,20925391.87,0.081819191,298.2572221,1,
TMHAWI2F83,0,1640416.666,0.999966667,-2.73434916,0.354883614,20925391.87,0.081819191,298.2572221,1,
TMHAWI3F83,0,1640416.666,1,-2.757620218,0.369428024,,20925391.87,0.081819191,298.2572221,1
TMHAWI5F83,0,1640416.666,1,-2.795435686,0.378154672,20925391.87,0.081819191,298.2572221,1,
TMHAWI4F83,0,1640416.666,1,-2.783800157,0.381063553,20925391.87,0.081819191,298.2572221,1,
TMMAINEF83,0,984249.9998,0.9999,-1.195550538,0.762183333,20925391.87,0.081819191,298.2572221,1,
TMMAINWF83,0,2952749.999,0.999966667,-1.224639359,0.747582696,20925391.87,0.081819191,298.2572221,1,
TMMISOCF83,0,1640416.666,0.999933333,-1.614429558,0.625409648,20925391.87,0.081819191,298.2572221,1,
TMMISOEF83,0,820208.3332,0.999933333,1.579522973,0.625409648,20925391.87,0.081819191,298.2572221,1,
TMMISOWF83,0,2788708.333,0.999941177,-1.649336143,0.631227413,20925391.87,0.081819191,298.2572221,1,
TMMISSEF83,0,984249.9998,0.99995,-1.550434152,0.514872129,20925391.87,0.081819191,298.2572221,1,
TMMISSWF83,0,2296583.333,0.99995,-1.57661409,0.514872129,20925391.87,0.081819191,298.2572221,1,
TMNEVACF83,19685000,1640416.666,0.9999,-2.036217461,0.606501915,20925391.87,0.081819191,298.2572221,1,
TMNEVAEF83,26246666.66,656166.6665,0.9999,-2.017309727,0.606501915,20925391.87,0.081819191,298.2572221,1
TMNEVAWF83,13123333.33,2624666.666,0.9999,-2.069669604,0.606501915,20925391.87,0.081819191,298.2572221,1
TMNEWHFT83,0,984249.9998,0.999966667,-1.250819298,0.741764932,20925391.87,0.081819191,298.2572221,1
TMNEWJFT83,0,492124.9999,0.9999,-1.300025,0.677769526,20925391.87,0.081819191,298.2572221,1
TMNEWMCF83,0,1640416.666,0.9999,-1.85441233,0.541052068,20925391.87,0.081819191,298.2572221,1
TMNEWMEF83,0,541337.4999,0.999909091,-1.820960186,0.541052068,20925391.87,0.081819191,298.2572221,1
TMNEWMWF83,0,2723091.666,0.999916667,-1.882046709,0.541052068,20925391.87,0.081819191,298.2572221,1
TMNEWYCF83,0,820208.3332,0.9999375,-1.336631318,0.698131701,20925391.87,0.081819191,298.2572221,1
TMNEWYEF83,0,492124.9999,0.9999,1.300025,0.677769526,20925391.87,0.081819191,298.2572221,1
TMNEWYWF83,0,1148291.666,0.9999375,-1.371537903,0.698131701,20925391.87,0.081819191,298.2572221,1
TMRHODIF83,0,328083.3333,0.99999375,-1.247910415,0.717039434,20925391.87,0.081819191,298.2572221,1
TMVERMTF83,0,1640416.666,0.999964286,-1.265363708,0.741764932,20925391.87,0.081819191,298.2572221,1
TMWYOECF83,328083.3333,1312333.333,0.9999375,-1.873320063,0.706858347,20925391.87,0.081819191,298.2572221,1
TMWYOEF83 ,0,656166.6665,0.9999375,-1.835504597,0.706858347,20925391.87,0.081819191,298.2572221,1
TMWYOWCF83,0,1968500,0.9999375,-1.898045562,0.706858347,20925391.87,0.081819191,298.2572221,1
TMWYOWF83,328083.3333,2624666.666,0.9999375,-1.921316618,0.706858347,20925391.87,0.081819191,298.2572221,1
TMIDACFT83,0,1640416.666,0.999947368,-1.989675347,0.727220522,20925391.87,0.081819191,298.2572221,1
TMIDAEFT83,0,656166.6665,0.999947368,-1.957677645,0.727220522,20925391.87,0.081819191,298.2572221,1
TMIDAWFT83,0,2624666.666,0.999933333,-2.020218609,0.727220522,20925391.87,0.081819191,298.2572221,1
TMILLEFT83,0,984249.9998,0.999975,-1.541707505,0.63995406,20925391.87,0.081819191,298.2572221,1
TMILLWFT83,0,2296583.333,0.999941177,-1.573705209,0.63995406,20925391.87,0.081819191,298.2572221,1
TMINDEFT83,328083.3333,820208.3332,0.999966667,-1.495165393,0.654498469,20925391.87,0.081819191,298.2572221,1
TMINDWFT83,2952749.999,820208.3332,0.999966667,-1.51989089,0.654498469,20925391.87,0.081819191,298.2572221,1

